Value of Minimized RMSD: 0.264595

Translation vector
-0.015119
 -0.26232
 0.215194

Orthogonal matrix
-0.208425 -0.187738  0.959851
-0.176246 -0.958128 -0.225671
-0.962027  0.216205  -0.16661

Permutation matrix
0 1
1 0

Value of Minimized RMSD: 0.0299611

Translation vector
  0.125048
0.00786875
-0.0227061

Orthogonal matrix
   0.0686216    -0.997643 -0.000301525
    0.997643    0.0686215  0.000237494
 0.000216243  0.000317111           -1

Permutation matrix
1 0
0 1

Value of Minimized RMSD: 0.212696

Translation vector
-0.110432
 0.166396
-0.208876

Orthogonal matrix
-0.938158 -0.333223 0.0939275
-0.343205  0.930796 -0.125818
0.0455019  0.150273  0.987597

Permutation matrix
1 0
0 1

Value of Minimized RMSD: 0.38727

Translation vector
-0.305189
 0.125861
-0.215661

Orthogonal matrix
  0.940051  -0.138501   0.311642
-0.0117385   0.900136   0.435451
  0.340831   0.413005  -0.844548

Permutation matrix
1 0
0 1

Value of Minimized RMSD: 0.217575

Translation vector
 -0.150301
  0.122861
-0.0647155

Orthogonal matrix
-0.620394   0.69328  0.366706
-0.043346  0.436541  -0.89864
 0.783091  0.573406  0.240777

Permutation matrix
1 0
0 1

Value of Minimized RMSD: 0.222603

Translation vector
 0.276059
 0.212568
-0.027003

Orthogonal matrix
 0.531413 -0.779049   0.33269
-0.841297 -0.439416  0.314855
0.0990985  0.447209  0.888923

Permutation matrix
0 0 1
1 0 0
0 1 0

Value of Minimized RMSD: 0.157144

Translation vector
0.0411356
-0.108495
-0.157093

Orthogonal matrix
 0.804001 -0.468376  0.366343
-0.578415 -0.758912  0.299146
 0.137909 -0.452412 -0.881082

Permutation matrix
0 1 0
1 0 0
0 0 1

Value of Minimized RMSD: 0.115584

Translation vector
-0.182969
 -0.10012
 0.199824

Orthogonal matrix
 -0.933177   0.147473    0.32777
 -0.347833  -0.600216  -0.720245
-0.0905164   0.786125  -0.611404

Permutation matrix
1 0 0
0 0 1
0 1 0

Value of Minimized RMSD: 0.120275

Translation vector
  -0.04083
-0.0875394
 -0.526616

Orthogonal matrix
 -0.105465   0.773644  -0.624781
 0.0293378   0.630432    0.77569
   0.99399  0.0634784 -0.0891855

Permutation matrix
1 0 0
0 0 1
0 1 0

Value of Minimized RMSD: 0.157788

Translation vector
-0.0272537
 -0.176169
-0.0382483

Orthogonal matrix
-0.172995  -0.82918 -0.531538
 0.785738   0.20922 -0.582103
-0.593877   0.51835 -0.615324

Permutation matrix
1 0 0
0 0 1
0 1 0

Value of Minimized RMSD: 0.15206

Translation vector
 -0.32964
0.0576601
 0.217123

Orthogonal matrix
-0.083054 0.0569696 -0.994915
 -0.98583 -0.150708 0.0736659
-0.145745  0.986935 0.0686793

Permutation matrix
0 1 0 0
0 0 0 1
0 0 1 0
1 0 0 0

Value of Minimized RMSD: 0.118983

Translation vector
-0.0458003
 -0.205998
  0.286283

Orthogonal matrix
-0.596037 -0.415086  0.687346
 0.668451  0.217769  0.711162
-0.444876  0.883335  0.147667

Permutation matrix
0 1 0 0
0 0 0 1
0 0 1 0
1 0 0 0

Value of Minimized RMSD: 0.311058

Translation vector
-0.210858
-0.200255
 0.130841

Orthogonal matrix
  0.880137  0.0469746  -0.472391
  -0.47306   0.169945  -0.864484
-0.0396715  -0.984333  -0.171796

Permutation matrix
0 0 0 1
0 0 1 0
0 1 0 0
1 0 0 0

Value of Minimized RMSD: 0.150553

Translation vector
 0.225884
-0.113647
0.0591096

Orthogonal matrix
-0.605432  0.385487 -0.696313
  0.51695 -0.474748 -0.712304
-0.605157 -0.791211 0.0881504

Permutation matrix
1 0 0 0
0 1 0 0
0 0 0 1
0 0 1 0

Value of Minimized RMSD: 0.194501

Translation vector
 -0.0769047
-0.00195663
  -0.142343

Orthogonal matrix
 -0.56512 -0.328103  -0.75696
 0.787848 0.0576431 -0.613166
 0.244815 -0.942882   0.22592

Permutation matrix
0 1 0 0
0 0 1 0
0 0 0 1
1 0 0 0

Value of Minimized RMSD: 0.260288

Translation vector
  0.148624
-0.0449219
 -0.114536

Orthogonal matrix
 0.0548777  -0.981014  -0.186009
  0.100823   0.190782  -0.976441
  -0.99339 -0.0348308  -0.109379

Permutation matrix
1 0 0 0 0
0 1 0 0 0
0 0 0 1 0
0 0 1 0 0
0 0 0 0 1

Value of Minimized RMSD: 0.196326

Translation vector
-0.101773
-0.177094
 0.171467

Orthogonal matrix
 0.581438 -0.136713  0.802022
 0.088644  0.990557  0.104587
-0.808747 0.0102833  0.588066

Permutation matrix
0 0 1 0 0
0 0 0 1 0
1 0 0 0 0
0 0 0 0 1
0 1 0 0 0

Value of Minimized RMSD: 0.255439

Translation vector
0.147023
0.132828
0.288868

Orthogonal matrix
-0.310638   0.63502  0.707286
 0.946454  0.137813  0.291947
0.0879189  0.760103 -0.643827

Permutation matrix
0 0 0 1 0
0 0 1 0 0
0 1 0 0 0
0 0 0 0 1
1 0 0 0 0

Value of Minimized RMSD: 0.181778

Translation vector
 0.0749084
-0.0138716
-0.0428798

Orthogonal matrix
 0.591024  0.705058  0.391897
 0.705629 -0.216478 -0.674703
 0.390868   -0.6753  0.625453

Permutation matrix
1 0 0 0 0
0 0 1 0 0
0 0 0 0 1
0 0 0 1 0
0 1 0 0 0

Value of Minimized RMSD: 0.25062

Translation vector
  0.239831
  0.156244
-0.0987577

Orthogonal matrix
  0.176931  -0.332884    0.92622
 0.0867104    0.94268   0.322236
  0.980396 -0.0232995  -0.195654

Permutation matrix
0 0 1 0 0
0 0 0 1 0
0 0 0 0 1
1 0 0 0 0
0 1 0 0 0

Value of Minimized RMSD: 0.220209

Translation vector
 -0.239184
 0.0684721
-0.0880012

Orthogonal matrix
 0.209197 0.0580771  0.976147
  -0.9702  0.137134  0.199764
-0.122261 -0.988848 0.0850345

Permutation matrix
1 0 0 0 0 0
0 0 0 0 1 0
0 0 1 0 0 0
0 1 0 0 0 0
0 0 0 0 0 1
0 0 0 1 0 0

Value of Minimized RMSD: 0.301423

Translation vector
-0.165734
-0.181491
 -0.21151

Orthogonal matrix
-0.725027   0.68863 0.0111504
  0.50377  0.519219  0.690382
-0.469628 -0.506163  0.723359

Permutation matrix
1 0 0 0 0 0
0 0 0 0 1 0
0 1 0 0 0 0
0 0 0 1 0 0
0 0 1 0 0 0
0 0 0 0 0 1

Value of Minimized RMSD: 0.205908

Translation vector
 0.0389747
-0.0077605
  0.178551

Orthogonal matrix
  0.821132  -0.570722 0.00434084
   0.31718   0.449996  -0.834806
 -0.474489  -0.686862  -0.550528

Permutation matrix
0 0 0 0 1 0
0 1 0 0 0 0
0 0 0 1 0 0
1 0 0 0 0 0
0 0 1 0 0 0
0 0 0 0 0 1

Value of Minimized RMSD: 0.244034

Translation vector
-0.0317465
  -0.14079
  0.122636

Orthogonal matrix
 -0.988766   0.145863  0.0326427
-0.0582483   -0.57714   0.814565
  0.137655   0.803513   0.579153

Permutation matrix
0 0 0 1 0 0
1 0 0 0 0 0
0 0 0 0 1 0
0 1 0 0 0 0
0 0 0 0 0 1
0 0 1 0 0 0

Value of Minimized RMSD: 0.196965

Translation vector
 0.0108726
-0.0640155
-0.0128002

Orthogonal matrix
-0.760466 -0.100626  0.641534
-0.223614 -0.886922 -0.404186
-0.609662  0.450826 -0.651973

Permutation matrix
1 0 0 0 0 0
0 1 0 0 0 0
0 0 0 1 0 0
0 0 1 0 0 0
0 0 0 0 1 0
0 0 0 0 0 1

Value of Minimized RMSD: 0.215514

Translation vector
  0.104299
  0.261629
0.00317648

Orthogonal matrix
  0.924197   0.356746  -0.136353
  0.381648   -0.84932   0.364692
-0.0142945   0.389086   0.921091

Permutation matrix
0 1 0 0 0 0 0
0 0 1 0 0 0 0
0 0 0 0 1 0 0
0 0 0 1 0 0 0
0 0 0 0 0 1 0
0 0 0 0 0 0 1
1 0 0 0 0 0 0

Value of Minimized RMSD: 0.195142

Translation vector
  0.30859
0.0770638
-0.118817

Orthogonal matrix
-0.465829    0.3174 -0.825991
 0.882288 0.0952838 -0.460964
0.0676066  0.943492  0.324425

Permutation matrix
0 0 0 1 0 0 0
0 1 0 0 0 0 0
0 0 0 0 0 1 0
0 0 1 0 0 0 0
0 0 0 0 1 0 0
1 0 0 0 0 0 0
0 0 0 0 0 0 1

Value of Minimized RMSD: 0.139652

Translation vector
-0.0337299
-0.0850496
  0.186527

Orthogonal matrix
-0.0537962    0.38663  -0.920664
 -0.938783   0.294612   0.178576
  0.340282   0.873911   0.347113

Permutation matrix
0 0 0 0 1 0 0
0 0 0 1 0 0 0
0 1 0 0 0 0 0
0 0 0 0 0 1 0
0 0 0 0 0 0 1
1 0 0 0 0 0 0
0 0 1 0 0 0 0

Value of Minimized RMSD: 0.249774

Translation vector
-0.0469407
  -0.11981
-0.0535152

Orthogonal matrix
 -0.03124   0.94661  0.320863
-0.956044 0.0653401 -0.285849
-0.291553  -0.31569   0.90296

Permutation matrix
1 0 0 0 0 0 0
0 1 0 0 0 0 0
0 0 0 0 1 0 0
0 0 1 0 0 0 0
0 0 0 0 0 1 0
0 0 0 0 0 0 1
0 0 0 1 0 0 0

Value of Minimized RMSD: 0.213394

Translation vector
 0.0484535
0.00932477
 0.0386286

Orthogonal matrix
  0.996472  0.0691982  -0.047484
-0.0622696   0.988961   0.134454
 0.0562638  -0.131023   0.989781

Permutation matrix
0 0 0 1 0 0 0
0 1 0 0 0 0 0
0 0 0 0 1 0 0
0 0 1 0 0 0 0
0 0 0 0 0 0 1
0 0 0 0 0 1 0
1 0 0 0 0 0 0

Value of Minimized RMSD: 0.227733

Translation vector
-0.0139154
 -0.259943
  0.099553

Orthogonal matrix
  0.502148   0.840046  -0.205355
 -0.864703   0.490944  -0.106124
-0.0116693  -0.230861  -0.972917

Permutation matrix
0 0 0 0 0 0 1 0
1 0 0 0 0 0 0 0
0 0 0 1 0 0 0 0
0 0 1 0 0 0 0 0
0 0 0 0 0 0 0 1
0 1 0 0 0 0 0 0
0 0 0 0 0 1 0 0
0 0 0 0 1 0 0 0

Value of Minimized RMSD: 0.210262

Translation vector
-0.0101277
  0.136215
-0.0342779

Orthogonal matrix
 0.881577  0.193158 -0.430712
-0.250713 -0.581513 -0.773942
 0.399958 -0.790274  0.464221

Permutation matrix
1 0 0 0 0 0 0 0
0 1 0 0 0 0 0 0
0 0 0 0 0 0 1 0
0 0 0 0 1 0 0 0
0 0 1 0 0 0 0 0
0 0 0 1 0 0 0 0
0 0 0 0 0 1 0 0
0 0 0 0 0 0 0 1

Value of Minimized RMSD: 0.239437

Translation vector
 0.0804702
 -0.260972
-0.0580147

Orthogonal matrix
  0.132532  -0.980215  -0.147019
  0.523715 -0.0566798   0.850006
 -0.841521  -0.189649   0.505841

Permutation matrix
0 0 0 0 0 0 1 0
0 0 1 0 0 0 0 0
1 0 0 0 0 0 0 0
0 0 0 0 1 0 0 0
0 1 0 0 0 0 0 0
0 0 0 0 0 0 0 1
0 0 0 0 0 1 0 0
0 0 0 1 0 0 0 0

Value of Minimized RMSD: 0.225425

Translation vector
0.0375803
0.0351778
0.0596008

Orthogonal matrix
 0.882319  -0.33402 -0.331578
-0.242206 -0.926301  0.288622
 0.403547  0.174346  0.898195

Permutation matrix
0 0 0 1 0 0 0 0
0 1 0 0 0 0 0 0
0 0 0 0 1 0 0 0
0 0 0 0 0 0 0 1
0 0 1 0 0 0 0 0
1 0 0 0 0 0 0 0
0 0 0 0 0 0 1 0
0 0 0 0 0 1 0 0

Value of Minimized RMSD: 0.212653

Translation vector
 -0.0196456
  -0.183798
-0.00926477

Orthogonal matrix
-0.298071 -0.269261   0.91578
-0.921873  0.330056  -0.20301
 0.247596  0.904744  0.346605

Permutation matrix
0 0 0 0 0 0 1 0
0 0 0 0 0 1 0 0
0 0 0 0 1 0 0 0
0 1 0 0 0 0 0 0
0 0 0 1 0 0 0 0
0 0 1 0 0 0 0 0
1 0 0 0 0 0 0 0
0 0 0 0 0 0 0 1

Value of Minimized RMSD: 0.207969

Translation vector
0.00377233
   0.23092
 0.0650358

Orthogonal matrix
  0.255962   0.885674   0.387383
  0.450603  -0.463847    0.76276
  0.855243 -0.0206818  -0.517815

Permutation matrix
0 1 0 0 0 0 0 0 0
0 0 0 0 0 0 1 0 0
0 0 0 0 1 0 0 0 0
0 0 0 1 0 0 0 0 0
0 0 1 0 0 0 0 0 0
0 0 0 0 0 1 0 0 0
0 0 0 0 0 0 0 1 0
0 0 0 0 0 0 0 0 1
1 0 0 0 0 0 0 0 0

Value of Minimized RMSD: 0.222207

Translation vector
 -0.127302
-0.0105106
  0.322038

Orthogonal matrix
-0.474408   0.50465 -0.721294
-0.668844 -0.739365 -0.077383
 0.572351 -0.445722 -0.688293

Permutation matrix
0 0 0 0 0 0 0 1 0
0 0 0 0 0 0 1 0 0
0 1 0 0 0 0 0 0 0
0 0 0 0 1 0 0 0 0
0 0 0 1 0 0 0 0 0
0 0 1 0 0 0 0 0 0
0 0 0 0 0 1 0 0 0
1 0 0 0 0 0 0 0 0
0 0 0 0 0 0 0 0 1

Value of Minimized RMSD: 0.229383

Translation vector
 0.0140157
 0.0129035
-0.0414196

Orthogonal matrix
  0.013079  -0.108208  -0.994042
  0.951068   0.308263 -0.0210428
  0.308704  -0.945127   0.106945

Permutation matrix
0 0 0 0 0 0 1 0 0
0 0 0 0 0 1 0 0 0
0 0 0 0 0 0 0 1 0
0 1 0 0 0 0 0 0 0
0 0 0 0 1 0 0 0 0
0 0 0 1 0 0 0 0 0
0 0 1 0 0 0 0 0 0
0 0 0 0 0 0 0 0 1
1 0 0 0 0 0 0 0 0

Value of Minimized RMSD: 0.242331

Translation vector
0.0845441
 0.211062
-0.112162

Orthogonal matrix
-0.807808  0.212425 -0.549838
 0.576888  0.476441 -0.663479
 0.121026 -0.853158 -0.507418

Permutation matrix
0 0 0 0 1 0 0 0 0
0 0 0 0 0 0 0 0 1
0 1 0 0 0 0 0 0 0
0 0 0 0 0 0 0 1 0
0 0 1 0 0 0 0 0 0
1 0 0 0 0 0 0 0 0
0 0 0 0 0 0 1 0 0
0 0 0 1 0 0 0 0 0
0 0 0 0 0 1 0 0 0

Value of Minimized RMSD: 0.24798

Translation vector
-0.0201094
 0.0680389
   0.17468

Orthogonal matrix
-0.166166  0.845839  0.506898
-0.243059  0.463052 -0.852353
-0.955673 -0.264839  0.128645

Permutation matrix
0 0 0 0 0 1 0 0 0
0 0 0 0 0 0 0 1 0
0 0 0 0 0 0 0 0 1
0 0 0 0 0 0 1 0 0
0 0 0 0 1 0 0 0 0
1 0 0 0 0 0 0 0 0
0 0 1 0 0 0 0 0 0
0 1 0 0 0 0 0 0 0
0 0 0 1 0 0 0 0 0

Value of Minimized RMSD: 0.219806

Translation vector
   0.19104
 -0.217915
-0.0313563

Orthogonal matrix
-0.820785 -0.349656 -0.451722
-0.549505  0.267244  0.791596
-0.156066  0.897954 -0.411488

Permutation matrix
0 0 0 1 0 0 0 0 0 0
0 0 0 0 0 0 0 0 1 0
1 0 0 0 0 0 0 0 0 0
0 0 0 0 0 0 0 0 0 1
0 0 0 0 0 0 1 0 0 0
0 0 0 0 0 1 0 0 0 0
0 0 0 0 1 0 0 0 0 0
0 0 0 0 0 0 0 1 0 0
0 0 1 0 0 0 0 0 0 0
0 1 0 0 0 0 0 0 0 0

Value of Minimized RMSD: 0.235419

Translation vector
  -0.028604
   0.155152
-0.00583937

Orthogonal matrix
 -0.493151   0.866798 -0.0739099
 -0.654846  -0.425805  -0.624393
  0.572694    0.25952  -0.777606

Permutation matrix
0 0 1 0 0 0 0 0 0 0
0 0 0 0 0 1 0 0 0 0
0 0 0 0 0 0 0 0 0 1
0 0 0 0 0 0 0 0 1 0
0 1 0 0 0 0 0 0 0 0
0 0 0 0 0 0 1 0 0 0
0 0 0 1 0 0 0 0 0 0
1 0 0 0 0 0 0 0 0 0
0 0 0 0 1 0 0 0 0 0
0 0 0 0 0 0 0 1 0 0

Value of Minimized RMSD: 0.221007

Translation vector
-0.0338536
-0.0631827
  0.106579

Orthogonal matrix
 -0.577051   0.705983   -0.41061
-0.0459807  -0.530048   -0.84672
 -0.815413  -0.469721   0.338326

Permutation matrix
0 0 0 0 0 0 1 0 0 0
0 0 0 1 0 0 0 0 0 0
0 0 0 0 0 0 0 0 1 0
0 0 0 0 0 1 0 0 0 0
1 0 0 0 0 0 0 0 0 0
0 0 0 0 1 0 0 0 0 0
0 0 0 0 0 0 0 1 0 0
0 1 0 0 0 0 0 0 0 0
0 0 1 0 0 0 0 0 0 0
0 0 0 0 0 0 0 0 0 1

Value of Minimized RMSD: 0.225308

Translation vector
0.0794775
 0.147064
0.0994001

Orthogonal matrix
 -0.330275   0.741466   0.584077
  0.211539  -0.544915   0.811369
 -0.919875   -0.39153 -0.0231226

Permutation matrix
0 0 0 0 0 0 0 0 0 1
0 0 1 0 0 0 0 0 0 0
0 0 0 0 1 0 0 0 0 0
0 0 0 1 0 0 0 0 0 0
0 0 0 0 0 1 0 0 0 0
1 0 0 0 0 0 0 0 0 0
0 0 0 0 0 0 0 0 1 0
0 1 0 0 0 0 0 0 0 0
0 0 0 0 0 0 0 1 0 0
0 0 0 0 0 0 1 0 0 0

Value of Minimized RMSD: 0.259725

Translation vector
 0.018987
0.0282739
 0.244022

Orthogonal matrix
 -0.102152  -0.128045   0.986494
  0.992765  0.0497906   0.109264
-0.0631088   0.990518   0.122033

Permutation matrix
0 0 0 0 0 0 0 0 0 1
0 0 1 0 0 0 0 0 0 0
0 0 0 0 0 0 0 0 1 0
0 0 0 0 0 0 0 1 0 0
0 0 0 0 1 0 0 0 0 0
1 0 0 0 0 0 0 0 0 0
0 0 0 0 0 1 0 0 0 0
0 0 0 0 0 0 1 0 0 0
0 0 0 1 0 0 0 0 0 0
0 1 0 0 0 0 0 0 0 0

Value of Minimized RMSD: 0.263854

Translation vector
  0.185744
-0.0376538
-0.0569396

Orthogonal matrix
 0.670249 -0.711829 -0.209917
-0.265695 0.0339474 -0.963459
-0.692945 -0.701532  0.166376

Permutation matrix
0 0 0 1 0 0 0 0 0 0 0
0 0 0 0 0 0 0 0 0 1 0
0 0 0 0 0 0 0 0 0 0 1
0 0 0 0 0 1 0 0 0 0 0
0 0 1 0 0 0 0 0 0 0 0
0 0 0 0 0 0 0 0 1 0 0
0 0 0 0 1 0 0 0 0 0 0
0 0 0 0 0 0 0 1 0 0 0
0 0 0 0 0 0 1 0 0 0 0
1 0 0 0 0 0 0 0 0 0 0
0 1 0 0 0 0 0 0 0 0 0

Value of Minimized RMSD: 0.18378

Translation vector
-0.0500025
  0.307115
 0.0154992

Orthogonal matrix
 -0.759295   0.650603  0.0136673
 -0.034133 -0.0188442   -0.99924
 -0.649851  -0.759184  0.0365153

Permutation matrix
1 0 0 0 0 0 0 0 0 0 0
0 0 0 0 0 1 0 0 0 0 0
0 0 1 0 0 0 0 0 0 0 0
0 0 0 0 0 0 0 0 1 0 0
0 0 0 0 1 0 0 0 0 0 0
0 0 0 0 0 0 1 0 0 0 0
0 0 0 0 0 0 0 0 0 1 0
0 0 0 0 0 0 0 1 0 0 0
0 0 0 0 0 0 0 0 0 0 1
0 1 0 0 0 0 0 0 0 0 0
0 0 0 1 0 0 0 0 0 0 0

Value of Minimized RMSD: 0.220645

Translation vector
-0.0701186
  0.230389
-0.0625157

Orthogonal matrix
 -0.598186  -0.360244   -0.71582
-0.0749212   0.914488  -0.397617
  0.797848  -0.184218  -0.574023

Permutation matrix
0 0 0 0 0 0 0 0 0 0 1
0 0 0 0 1 0 0 0 0 0 0
0 0 1 0 0 0 0 0 0 0 0
0 0 0 0 0 0 1 0 0 0 0
0 0 0 1 0 0 0 0 0 0 0
1 0 0 0 0 0 0 0 0 0 0
0 0 0 0 0 0 0 0 0 1 0
0 0 0 0 0 1 0 0 0 0 0
0 0 0 0 0 0 0 1 0 0 0
0 1 0 0 0 0 0 0 0 0 0
0 0 0 0 0 0 0 0 1 0 0

Value of Minimized RMSD: 0.245369

Translation vector
0.139298
0.100313
0.127924

Orthogonal matrix
-0.821762   0.30064   0.48407
0.0602335  0.890566 -0.450849
 0.566639  0.341333  0.749941

Permutation matrix
0 1 0 0 0 0 0 0 0 0 0
1 0 0 0 0 0 0 0 0 0 0
0 0 1 0 0 0 0 0 0 0 0
0 0 0 0 1 0 0 0 0 0 0
0 0 0 1 0 0 0 0 0 0 0
0 0 0 0 0 0 0 0 0 1 0
0 0 0 0 0 0 1 0 0 0 0
0 0 0 0 0 0 0 0 0 0 1
0 0 0 0 0 1 0 0 0 0 0
0 0 0 0 0 0 0 1 0 0 0
0 0 0 0 0 0 0 0 1 0 0

Value of Minimized RMSD: 0.217247

Translation vector
-0.108678
0.0180706
0.0843182

Orthogonal matrix
 0.475215 -0.707962 -0.522456
 0.133787 -0.528743  0.838172
 0.869639  0.468209   0.15655

Permutation matrix
0 0 0 0 0 0 0 1 0 0 0
1 0 0 0 0 0 0 0 0 0 0
0 0 0 0 0 1 0 0 0 0 0
0 0 0 0 0 0 0 0 0 0 1
0 1 0 0 0 0 0 0 0 0 0
0 0 0 0 1 0 0 0 0 0 0
0 0 0 0 0 0 0 0 1 0 0
0 0 0 0 0 0 1 0 0 0 0
0 0 0 1 0 0 0 0 0 0 0
0 0 1 0 0 0 0 0 0 0 0
0 0 0 0 0 0 0 0 0 1 0

Value of Minimized RMSD: 0.245224

Translation vector
0.0255963
0.0853835
0.0230595

Orthogonal matrix
  0.732577   0.409977  -0.543368
   0.60425 -0.0241625   0.796428
  0.313389  -0.911776   -0.26543

Permutation matrix
0 0 0 1 0 0 0 0 0 0 0 0
0 0 0 0 0 0 0 0 0 1 0 0
1 0 0 0 0 0 0 0 0 0 0 0
0 0 0 0 0 0 1 0 0 0 0 0
0 0 0 0 0 0 0 1 0 0 0 0
0 0 0 0 0 1 0 0 0 0 0 0
0 0 0 0 0 0 0 0 1 0 0 0
0 0 0 0 0 0 0 0 0 0 0 1
0 0 0 0 1 0 0 0 0 0 0 0
0 0 1 0 0 0 0 0 0 0 0 0
0 0 0 0 0 0 0 0 0 0 1 0
0 1 0 0 0 0 0 0 0 0 0 0

Value of Minimized RMSD: 0.23043

Translation vector
  0.125263
 -0.195763
-0.0644447

Orthogonal matrix
-0.861873 -0.459093 -0.215426
-0.483399  0.872152 0.0753357
-0.153298 -0.169067   0.97361

Permutation matrix
0 0 0 1 0 0 0 0 0 0 0 0
0 0 0 0 1 0 0 0 0 0 0 0
0 0 0 0 0 0 1 0 0 0 0 0
0 1 0 0 0 0 0 0 0 0 0 0
0 0 0 0 0 0 0 1 0 0 0 0
0 0 1 0 0 0 0 0 0 0 0 0
1 0 0 0 0 0 0 0 0 0 0 0
0 0 0 0 0 1 0 0 0 0 0 0
0 0 0 0 0 0 0 0 0 0 1 0
0 0 0 0 0 0 0 0 0 1 0 0
0 0 0 0 0 0 0 0 1 0 0 0
0 0 0 0 0 0 0 0 0 0 0 1

Value of Minimized RMSD: 0.224464

Translation vector
  -0.01289
-0.0103537
 -0.218101

Orthogonal matrix
-0.936039  0.109708 -0.334357
 0.302769  0.735311  -0.60634
-0.179336  0.668792  0.721496

Permutation matrix
0 0 1 0 0 0 0 0 0 0 0 0
0 0 0 0 0 1 0 0 0 0 0 0
0 1 0 0 0 0 0 0 0 0 0 0
0 0 0 0 0 0 0 0 1 0 0 0
0 0 0 1 0 0 0 0 0 0 0 0
0 0 0 0 0 0 0 0 0 0 1 0
0 0 0 0 0 0 0 1 0 0 0 0
0 0 0 0 0 0 0 0 0 0 0 1
0 0 0 0 0 0 0 0 0 1 0 0
1 0 0 0 0 0 0 0 0 0 0 0
0 0 0 0 1 0 0 0 0 0 0 0
0 0 0 0 0 0 1 0 0 0 0 0

Value of Minimized RMSD: 0.288512

Translation vector
0.0691582
 0.015719
-0.124977

Orthogonal matrix
 0.281748   0.53028  0.799638
 0.396413  -0.82328  0.406284
-0.873771 -0.202517  0.442167

Permutation matrix
0 0 0 0 0 0 0 1 0 0 0 0
0 0 0 0 0 0 0 0 1 0 0 0
0 0 1 0 0 0 0 0 0 0 0 0
0 0 0 0 1 0 0 0 0 0 0 0
1 0 0 0 0 0 0 0 0 0 0 0
0 0 0 0 0 0 0 0 0 0 1 0
0 0 0 1 0 0 0 0 0 0 0 0
0 0 0 0 0 0 0 0 0 0 0 1
0 0 0 0 0 0 1 0 0 0 0 0
0 0 0 0 0 1 0 0 0 0 0 0
0 0 0 0 0 0 0 0 0 1 0 0
0 1 0 0 0 0 0 0 0 0 0 0

Value of Minimized RMSD: 0.191651

Translation vector
 0.0942831
  0.140688
-0.0206916

Orthogonal matrix
-0.850959 -0.516444 0.0956822
0.0239263 -0.220098 -0.975184
-0.524687  0.827552 -0.199651

Permutation matrix
0 0 0 0 0 0 0 0 1 0 0 0
0 0 0 0 0 1 0 0 0 0 0 0
0 0 0 0 0 0 1 0 0 0 0 0
0 0 0 0 0 0 0 1 0 0 0 0
0 1 0 0 0 0 0 0 0 0 0 0
0 0 0 0 0 0 0 0 0 1 0 0
0 0 0 0 0 0 0 0 0 0 0 1
0 0 1 0 0 0 0 0 0 0 0 0
0 0 0 1 0 0 0 0 0 0 0 0
1 0 0 0 0 0 0 0 0 0 0 0
0 0 0 0 0 0 0 0 0 0 1 0
0 0 0 0 1 0 0 0 0 0 0 0

Value of Minimized RMSD: 0.229472

Translation vector
-0.0981705
-0.0161245
-0.0497714

Orthogonal matrix
 0.292308 -0.682764 -0.669619
 0.835735  -0.15799  0.525914
 0.464868  0.713353 -0.524429

Permutation matrix
0 0 0 1 0 0 0 0 0 0 0 0 0
0 0 0 0 0 1 0 0 0 0 0 0 0
0 1 0 0 0 0 0 0 0 0 0 0 0
0 0 0 0 1 0 0 0 0 0 0 0 0
0 0 0 0 0 0 0 0 0 1 0 0 0
0 0 0 0 0 0 0 0 0 0 0 1 0
0 0 0 0 0 0 1 0 0 0 0 0 0
0 0 0 0 0 0 0 0 1 0 0 0 0
0 0 0 0 0 0 0 1 0 0 0 0 0
0 0 1 0 0 0 0 0 0 0 0 0 0
0 0 0 0 0 0 0 0 0 0 0 0 1
0 0 0 0 0 0 0 0 0 0 1 0 0
1 0 0 0 0 0 0 0 0 0 0 0 0

Value of Minimized RMSD: 0.261949

Translation vector
-0.0544476
-0.0032209
-0.0135965

Orthogonal matrix
  0.983233 -0.0655758   0.170153
 -0.079258  -0.994036  0.0748998
 -0.164226    0.08713   0.982567

Permutation matrix
0 0 0 0 0 0 0 0 0 0 1 0 0
0 0 0 0 1 0 0 0 0 0 0 0 0
0 0 0 0 0 1 0 0 0 0 0 0 0
0 0 0 0 0 0 1 0 0 0 0 0 0
0 0 0 0 0 0 0 0 1 0 0 0 0
0 0 0 0 0 0 0 0 0 1 0 0 0
1 0 0 0 0 0 0 0 0 0 0 0 0
0 0 0 1 0 0 0 0 0 0 0 0 0
0 0 0 0 0 0 0 0 0 0 0 1 0
0 0 1 0 0 0 0 0 0 0 0 0 0
0 1 0 0 0 0 0 0 0 0 0 0 0
0 0 0 0 0 0 0 0 0 0 0 0 1
0 0 0 0 0 0 0 1 0 0 0 0 0

Value of Minimized RMSD: 0.26532

Translation vector
-0.0377179
 0.0502395
 -0.161361

Orthogonal matrix
 -0.082415  -0.993424    0.07948
   -0.1303  0.0898077   0.987399
  0.988043 -0.0710203   0.136844

Permutation matrix
0 0 0 1 0 0 0 0 0 0 0 0 0
0 0 0 0 0 0 0 0 0 1 0 0 0
0 0 0 0 0 0 1 0 0 0 0 0 0
0 0 0 0 0 0 0 1 0 0 0 0 0
0 0 0 0 0 1 0 0 0 0 0 0 0
0 1 0 0 0 0 0 0 0 0 0 0 0
0 0 0 0 0 0 0 0 0 0 0 0 1
1 0 0 0 0 0 0 0 0 0 0 0 0
0 0 0 0 0 0 0 0 0 0 1 0 0
0 0 0 0 0 0 0 0 1 0 0 0 0
0 0 0 0 1 0 0 0 0 0 0 0 0
0 0 1 0 0 0 0 0 0 0 0 0 0
0 0 0 0 0 0 0 0 0 0 0 1 0

Value of Minimized RMSD: 0.256314

Translation vector
0.0165054
0.0847717
0.0379714

Orthogonal matrix
  0.56541  0.563248  0.602547
-0.238916  0.811051 -0.533962
  0.78945 -0.157949 -0.593145

Permutation matrix
0 0 0 0 0 0 0 1 0 0 0 0 0
0 0 0 1 0 0 0 0 0 0 0 0 0
0 0 0 0 0 1 0 0 0 0 0 0 0
0 0 1 0 0 0 0 0 0 0 0 0 0
0 1 0 0 0 0 0 0 0 0 0 0 0
0 0 0 0 1 0 0 0 0 0 0 0 0
0 0 0 0 0 0 0 0 0 0 1 0 0
0 0 0 0 0 0 1 0 0 0 0 0 0
0 0 0 0 0 0 0 0 0 0 0 1 0
0 0 0 0 0 0 0 0 0 1 0 0 0
0 0 0 0 0 0 0 0 1 0 0 0 0
0 0 0 0 0 0 0 0 0 0 0 0 1
1 0 0 0 0 0 0 0 0 0 0 0 0

Value of Minimized RMSD: 0.244433

Translation vector
-0.0403326
 0.0497034
-0.0155616

Orthogonal matrix
 -0.949114 -0.0116233  -0.314719
 0.0607709   0.973778  -0.219233
  0.309015  -0.227203   -0.92352

Permutation matrix
0 0 0 0 0 0 0 1 0 0 0 0 0
1 0 0 0 0 0 0 0 0 0 0 0 0
0 0 0 0 0 0 0 0 0 0 1 0 0
0 0 1 0 0 0 0 0 0 0 0 0 0
0 0 0 0 0 0 0 0 0 0 0 1 0
0 1 0 0 0 0 0 0 0 0 0 0 0
0 0 0 0 0 0 1 0 0 0 0 0 0
0 0 0 0 0 1 0 0 0 0 0 0 0
0 0 0 0 0 0 0 0 0 0 0 0 1
0 0 0 1 0 0 0 0 0 0 0 0 0
0 0 0 0 1 0 0 0 0 0 0 0 0
0 0 0 0 0 0 0 0 0 1 0 0 0
0 0 0 0 0 0 0 0 1 0 0 0 0

Value of Minimized RMSD: 0.229602

Translation vector
0.0649134
-0.119586
-0.034099

Orthogonal matrix
 0.633084 -0.436139  0.639522
-0.547199 -0.836507 -0.028788
 -0.54752   0.33172  0.768234

Permutation matrix
0 0 0 0 0 0 0 0 0 0 0 1 0 0
0 0 0 0 0 0 1 0 0 0 0 0 0 0
0 0 0 0 0 0 0 1 0 0 0 0 0 0
0 1 0 0 0 0 0 0 0 0 0 0 0 0
0 0 1 0 0 0 0 0 0 0 0 0 0 0
0 0 0 0 0 0 0 0 0 0 1 0 0 0
0 0 0 1 0 0 0 0 0 0 0 0 0 0
1 0 0 0 0 0 0 0 0 0 0 0 0 0
0 0 0 0 1 0 0 0 0 0 0 0 0 0
0 0 0 0 0 0 0 0 1 0 0 0 0 0
0 0 0 0 0 0 0 0 0 1 0 0 0 0
0 0 0 0 0 1 0 0 0 0 0 0 0 0
0 0 0 0 0 0 0 0 0 0 0 0 1 0
0 0 0 0 0 0 0 0 0 0 0 0 0 1

Value of Minimized RMSD: 0.208992

Translation vector
0.0594328
0.0645291
0.0343026

Orthogonal matrix
-0.731922 -0.662966 -0.157374
 0.354342 -0.173054 -0.918964
-0.582007  0.728374 -0.361579

Permutation matrix
0 0 1 0 0 0 0 0 0 0 0 0 0 0
1 0 0 0 0 0 0 0 0 0 0 0 0 0
0 0 0 0 0 0 1 0 0 0 0 0 0 0
0 0 0 1 0 0 0 0 0 0 0 0 0 0
0 0 0 0 0 0 0 1 0 0 0 0 0 0
0 0 0 0 1 0 0 0 0 0 0 0 0 0
0 0 0 0 0 0 0 0 0 0 0 1 0 0
0 0 0 0 0 0 0 0 0 0 0 0 0 1
0 0 0 0 0 0 0 0 0 0 0 0 1 0
0 0 0 0 0 0 0 0 0 0 1 0 0 0
0 0 0 0 0 1 0 0 0 0 0 0 0 0
0 0 0 0 0 0 0 0 1 0 0 0 0 0
0 0 0 0 0 0 0 0 0 1 0 0 0 0
0 1 0 0 0 0 0 0 0 0 0 0 0 0

Value of Minimized RMSD: 0.222841

Translation vector
-0.0597154
  0.057285
-0.0784855

Orthogonal matrix
-0.468593 -0.874393 -0.125925
 0.746042 -0.315345 -0.586498
 -0.47312  0.368774 -0.800102

Permutation matrix
0 0 0 0 0 0 0 0 0 0 0 1 0 0
0 0 0 0 0 0 0 1 0 0 0 0 0 0
0 0 0 0 0 1 0 0 0 0 0 0 0 0
0 0 0 0 0 0 1 0 0 0 0 0 0 0
0 1 0 0 0 0 0 0 0 0 0 0 0 0
0 0 0 0 0 0 0 0 0 0 0 0 1 0
1 0 0 0 0 0 0 0 0 0 0 0 0 0
0 0 0 0 0 0 0 0 1 0 0 0 0 0
0 0 0 0 0 0 0 0 0 0 1 0 0 0
0 0 0 0 1 0 0 0 0 0 0 0 0 0
0 0 1 0 0 0 0 0 0 0 0 0 0 0
0 0 0 0 0 0 0 0 0 0 0 0 0 1
0 0 0 1 0 0 0 0 0 0 0 0 0 0
0 0 0 0 0 0 0 0 0 1 0 0 0 0

Value of Minimized RMSD: 0.236974

Translation vector
-0.0833041
 -0.137538
-0.0589234

Orthogonal matrix
-0.305452  0.574209 -0.759594
-0.679302 -0.690415  -0.24875
  0.66727 -0.440012 -0.600949

Permutation matrix
0 0 0 0 0 0 0 0 1 0 0 0 0 0
1 0 0 0 0 0 0 0 0 0 0 0 0 0
0 0 0 0 0 0 0 0 0 0 1 0 0 0
0 0 0 0 0 0 0 0 0 0 0 1 0 0
0 0 0 0 0 0 0 1 0 0 0 0 0 0
0 0 0 0 0 0 0 0 0 0 0 0 0 1
0 0 0 0 0 0 0 0 0 1 0 0 0 0
0 1 0 0 0 0 0 0 0 0 0 0 0 0
0 0 1 0 0 0 0 0 0 0 0 0 0 0
0 0 0 0 0 1 0 0 0 0 0 0 0 0
0 0 0 0 0 0 1 0 0 0 0 0 0 0
0 0 0 0 1 0 0 0 0 0 0 0 0 0
0 0 0 0 0 0 0 0 0 0 0 0 1 0
0 0 0 1 0 0 0 0 0 0 0 0 0 0

Value of Minimized RMSD: 0.190629

Translation vector
-0.0508423
  0.151116
 0.0171599

Orthogonal matrix
-0.340382  0.272099 -0.900057
 0.225607  -0.90562 -0.359101
 0.912821   0.32529 -0.246869

Permutation matrix
0 0 0 0 0 0 0 0 1 0 0 0 0 0
0 0 0 0 0 0 0 1 0 0 0 0 0 0
0 0 0 0 0 0 0 0 0 0 1 0 0 0
0 0 0 0 1 0 0 0 0 0 0 0 0 0
0 0 0 0 0 0 0 0 0 0 0 1 0 0
1 0 0 0 0 0 0 0 0 0 0 0 0 0
0 0 0 0 0 1 0 0 0 0 0 0 0 0
0 0 0 0 0 0 0 0 0 1 0 0 0 0
0 0 0 0 0 0 0 0 0 0 0 0 1 0
0 0 0 1 0 0 0 0 0 0 0 0 0 0
0 0 1 0 0 0 0 0 0 0 0 0 0 0
0 1 0 0 0 0 0 0 0 0 0 0 0 0
0 0 0 0 0 0 1 0 0 0 0 0 0 0
0 0 0 0 0 0 0 0 0 0 0 0 0 1

Value of Minimized RMSD: 0.231415

Translation vector
   0.110856
 -0.0773242
-0.00744737

Orthogonal matrix
 -0.662307   0.742929 -0.0969856
  0.556809   0.401455  -0.727185
 -0.501311  -0.535622  -0.679556

Permutation matrix
0 0 0 0 0 1 0 0 0 0 0 0 0 0 0
0 0 0 0 0 0 0 0 0 0 0 0 0 0 1
0 0 1 0 0 0 0 0 0 0 0 0 0 0 0
0 1 0 0 0 0 0 0 0 0 0 0 0 0 0
0 0 0 0 0 0 0 0 0 0 0 1 0 0 0
0 0 0 0 0 0 0 0 0 0 1 0 0 0 0
0 0 0 0 0 0 0 0 0 1 0 0 0 0 0
0 0 0 0 1 0 0 0 0 0 0 0 0 0 0
1 0 0 0 0 0 0 0 0 0 0 0 0 0 0
0 0 0 0 0 0 0 0 1 0 0 0 0 0 0
0 0 0 0 0 0 0 0 0 0 0 0 1 0 0
0 0 0 0 0 0 1 0 0 0 0 0 0 0 0
0 0 0 1 0 0 0 0 0 0 0 0 0 0 0
0 0 0 0 0 0 0 1 0 0 0 0 0 0 0
0 0 0 0 0 0 0 0 0 0 0 0 0 1 0

Value of Minimized RMSD: 0.230971

Translation vector
-0.00980244
   0.114837
  0.0527546

Orthogonal matrix
 0.317227 -0.944089 0.0897939
 0.615905  0.277096  0.737481
-0.721129 -0.178645  0.669372

Permutation matrix
0 0 0 0 1 0 0 0 0 0 0 0 0 0 0
0 0 0 0 0 0 0 0 0 0 0 0 0 0 1
0 1 0 0 0 0 0 0 0 0 0 0 0 0 0
0 0 0 0 0 0 0 0 0 0 0 0 1 0 0
0 0 0 0 0 0 0 0 0 0 0 0 0 1 0
1 0 0 0 0 0 0 0 0 0 0 0 0 0 0
0 0 1 0 0 0 0 0 0 0 0 0 0 0 0
0 0 0 0 0 0 0 0 0 0 1 0 0 0 0
0 0 0 0 0 0 0 0 0 1 0 0 0 0 0
0 0 0 1 0 0 0 0 0 0 0 0 0 0 0
0 0 0 0 0 0 0 0 0 0 0 1 0 0 0
0 0 0 0 0 0 0 1 0 0 0 0 0 0 0
0 0 0 0 0 0 0 0 1 0 0 0 0 0 0
0 0 0 0 0 0 1 0 0 0 0 0 0 0 0
0 0 0 0 0 1 0 0 0 0 0 0 0 0 0

Value of Minimized RMSD: 0.225454

Translation vector
-0.0777228
 -0.201162
 -0.124301

Orthogonal matrix
 0.392426  0.340182 -0.854563
-0.614682 -0.594157  -0.51879
 0.684228 -0.728872 0.0240586

Permutation matrix
0 0 0 0 0 1 0 0 0 0 0 0 0 0 0
0 0 0 0 1 0 0 0 0 0 0 0 0 0 0
0 0 0 0 0 0 0 0 0 0 0 0 1 0 0
0 0 0 0 0 0 1 0 0 0 0 0 0 0 0
0 0 0 0 0 0 0 0 0 0 1 0 0 0 0
0 0 0 0 0 0 0 1 0 0 0 0 0 0 0
1 0 0 0 0 0 0 0 0 0 0 0 0 0 0
0 0 0 0 0 0 0 0 1 0 0 0 0 0 0
0 0 1 0 0 0 0 0 0 0 0 0 0 0 0
0 1 0 0 0 0 0 0 0 0 0 0 0 0 0
0 0 0 0 0 0 0 0 0 1 0 0 0 0 0
0 0 0 1 0 0 0 0 0 0 0 0 0 0 0
0 0 0 0 0 0 0 0 0 0 0 0 0 0 1
0 0 0 0 0 0 0 0 0 0 0 0 0 1 0
0 0 0 0 0 0 0 0 0 0 0 1 0 0 0

Value of Minimized RMSD: 0.215756

Translation vector
  -0.013986
0.000683995
 -0.0106889

Orthogonal matrix
  0.821152   0.362796  -0.440554
 -0.448573 -0.0669521  -0.891235
  0.352832   -0.92946  -0.107763

Permutation matrix
0 0 1 0 0 0 0 0 0 0 0 0 0 0 0
0 0 0 0 0 0 0 0 0 0 0 0 0 0 1
0 0 0 0 0 0 0 0 1 0 0 0 0 0 0
0 0 0 0 0 0 0 0 0 0 0 1 0 0 0
0 0 0 0 0 0 0 0 0 0 0 0 1 0 0
0 0 0 0 0 0 0 0 0 1 0 0 0 0 0
1 0 0 0 0 0 0 0 0 0 0 0 0 0 0
0 0 0 1 0 0 0 0 0 0 0 0 0 0 0
0 1 0 0 0 0 0 0 0 0 0 0 0 0 0
0 0 0 0 1 0 0 0 0 0 0 0 0 0 0
0 0 0 0 0 0 0 0 0 0 1 0 0 0 0
0 0 0 0 0 0 0 1 0 0 0 0 0 0 0
0 0 0 0 0 1 0 0 0 0 0 0 0 0 0
0 0 0 0 0 0 1 0 0 0 0 0 0 0 0
0 0 0 0 0 0 0 0 0 0 0 0 0 1 0

Value of Minimized RMSD: 0.230112

Translation vector
-0.046698
0.0265547
0.0704002

Orthogonal matrix
   0.866216    -0.28584    0.409836
  -0.428654 -0.00362341    0.903461
   -0.25676   -0.958271   -0.125665

Permutation matrix
0 0 0 0 0 0 0 0 0 0 1 0 0 0 0
0 0 0 0 0 1 0 0 0 0 0 0 0 0 0
0 0 0 0 0 0 1 0 0 0 0 0 0 0 0
0 0 0 0 0 0 0 0 0 0 0 0 1 0 0
1 0 0 0 0 0 0 0 0 0 0 0 0 0 0
0 1 0 0 0 0 0 0 0 0 0 0 0 0 0
0 0 0 0 0 0 0 1 0 0 0 0 0 0 0
0 0 0 0 0 0 0 0 0 0 0 1 0 0 0
0 0 0 0 0 0 0 0 0 0 0 0 0 1 0
0 0 1 0 0 0 0 0 0 0 0 0 0 0 0
0 0 0 0 1 0 0 0 0 0 0 0 0 0 0
0 0 0 0 0 0 0 0 0 1 0 0 0 0 0
0 0 0 1 0 0 0 0 0 0 0 0 0 0 0
0 0 0 0 0 0 0 0 1 0 0 0 0 0 0
0 0 0 0 0 0 0 0 0 0 0 0 0 0 1

Value of Minimized RMSD: 0.214896

Translation vector
-0.0231145
  0.124618
 0.0379984

Orthogonal matrix
  0.953308   0.209441   0.217573
  -0.22095   0.974833  0.0297074
 -0.205875 -0.0763929   0.975592

Permutation matrix
0 0 0 0 0 0 0 0 0 0 1 0 0 0 0 0
0 0 1 0 0 0 0 0 0 0 0 0 0 0 0 0
0 0 0 0 1 0 0 0 0 0 0 0 0 0 0 0
0 0 0 0 0 0 0 0 1 0 0 0 0 0 0 0
0 0 0 0 0 0 0 0 0 1 0 0 0 0 0 0
0 0 0 0 0 0 0 0 0 0 0 1 0 0 0 0
0 0 0 0 0 1 0 0 0 0 0 0 0 0 0 0
0 0 0 1 0 0 0 0 0 0 0 0 0 0 0 0
0 1 0 0 0 0 0 0 0 0 0 0 0 0 0 0
0 0 0 0 0 0 0 0 0 0 0 0 0 1 0 0
0 0 0 0 0 0 0 0 0 0 0 0 0 0 1 0
1 0 0 0 0 0 0 0 0 0 0 0 0 0 0 0
0 0 0 0 0 0 0 0 0 0 0 0 0 0 0 1
0 0 0 0 0 0 0 1 0 0 0 0 0 0 0 0
0 0 0 0 0 0 0 0 0 0 0 0 1 0 0 0
0 0 0 0 0 0 1 0 0 0 0 0 0 0 0 0

Value of Minimized RMSD: 0.245811

Translation vector
-0.0787344
  0.039766
 -0.140595

Orthogonal matrix
-0.298359  0.871905 -0.388283
-0.727663 0.0554649  0.683689
-0.617648 -0.486524 -0.617904

Permutation matrix
0 0 0 0 0 1 0 0 0 0 0 0 0 0 0 0
0 0 0 1 0 0 0 0 0 0 0 0 0 0 0 0
0 0 0 0 0 0 0 0 1 0 0 0 0 0 0 0
0 1 0 0 0 0 0 0 0 0 0 0 0 0 0 0
0 0 0 0 0 0 0 0 0 0 1 0 0 0 0 0
0 0 0 0 0 0 0 0 0 0 0 0 0 0 1 0
1 0 0 0 0 0 0 0 0 0 0 0 0 0 0 0
0 0 0 0 0 0 0 0 0 0 0 0 0 1 0 0
0 0 0 0 0 0 0 0 0 0 0 0 1 0 0 0
0 0 0 0 0 0 0 0 0 0 0 0 0 0 0 1
0 0 0 0 0 0 0 0 0 0 0 1 0 0 0 0
0 0 0 0 0 0 0 0 0 1 0 0 0 0 0 0
0 0 0 0 0 0 1 0 0 0 0 0 0 0 0 0
0 0 1 0 0 0 0 0 0 0 0 0 0 0 0 0
0 0 0 0 1 0 0 0 0 0 0 0 0 0 0 0
0 0 0 0 0 0 0 1 0 0 0 0 0 0 0 0

Value of Minimized RMSD: 0.22202

Translation vector
 -0.0164436
-0.00724778
  0.0254204

Orthogonal matrix
 0.0828769  -0.178311   0.980478
  0.954241   0.297863 -0.0264894
  0.287324  -0.937808  -0.194838

Permutation matrix
0 0 0 0 0 0 0 0 0 0 1 0 0 0 0 0
0 0 0 0 0 0 0 0 0 0 0 0 0 0 0 1
0 0 0 0 0 0 0 0 1 0 0 0 0 0 0 0
0 0 0 0 0 0 0 0 0 0 0 0 0 1 0 0
0 0 1 0 0 0 0 0 0 0 0 0 0 0 0 0
0 0 0 0 0 1 0 0 0 0 0 0 0 0 0 0
0 0 0 0 0 0 1 0 0 0 0 0 0 0 0 0
1 0 0 0 0 0 0 0 0 0 0 0 0 0 0 0
0 0 0 0 0 0 0 0 0 0 0 0 1 0 0 0
0 1 0 0 0 0 0 0 0 0 0 0 0 0 0 0
0 0 0 0 0 0 0 0 0 1 0 0 0 0 0 0
0 0 0 0 1 0 0 0 0 0 0 0 0 0 0 0
0 0 0 0 0 0 0 0 0 0 0 0 0 0 1 0
0 0 0 0 0 0 0 0 0 0 0 1 0 0 0 0
0 0 0 1 0 0 0 0 0 0 0 0 0 0 0 0
0 0 0 0 0 0 0 1 0 0 0 0 0 0 0 0

Value of Minimized RMSD: 0.241679

Translation vector
 0.0660094
-0.0467686
 -0.134531

Orthogonal matrix
  0.155694   0.965787   0.207402
   0.87228 -0.0358892  -0.487687
  0.463558  -0.256842   0.848024

Permutation matrix
0 0 0 0 0 0 0 0 0 0 0 0 0 1 0 0
0 0 0 0 0 0 0 0 0 0 0 1 0 0 0 0
0 0 0 0 0 0 0 0 0 0 0 0 1 0 0 0
0 0 0 1 0 0 0 0 0 0 0 0 0 0 0 0
0 0 0 0 0 0 0 0 1 0 0 0 0 0 0 0
0 0 1 0 0 0 0 0 0 0 0 0 0 0 0 0
0 1 0 0 0 0 0 0 0 0 0 0 0 0 0 0
0 0 0 0 0 0 0 0 0 0 0 0 0 0 0 1
1 0 0 0 0 0 0 0 0 0 0 0 0 0 0 0
0 0 0 0 0 0 0 1 0 0 0 0 0 0 0 0
0 0 0 0 0 0 1 0 0 0 0 0 0 0 0 0
0 0 0 0 0 1 0 0 0 0 0 0 0 0 0 0
0 0 0 0 1 0 0 0 0 0 0 0 0 0 0 0
0 0 0 0 0 0 0 0 0 0 0 0 0 0 1 0
0 0 0 0 0 0 0 0 0 1 0 0 0 0 0 0
0 0 0 0 0 0 0 0 0 0 1 0 0 0 0 0

Value of Minimized RMSD: 0.233006

Translation vector
-0.0687165
 0.0490396
  0.014106

Orthogonal matrix
-0.791851 -0.543796 -0.277954
-0.272104 -0.093307  0.957733
 0.546747 -0.834014 0.0740839

Permutation matrix
0 0 1 0 0 0 0 0 0 0 0 0 0 0 0 0
0 0 0 0 0 0 0 0 0 0 1 0 0 0 0 0
0 0 0 0 0 0 0 0 0 1 0 0 0 0 0 0
0 0 0 0 1 0 0 0 0 0 0 0 0 0 0 0
0 0 0 0 0 0 0 0 0 0 0 0 0 0 1 0
1 0 0 0 0 0 0 0 0 0 0 0 0 0 0 0
0 1 0 0 0 0 0 0 0 0 0 0 0 0 0 0
0 0 0 1 0 0 0 0 0 0 0 0 0 0 0 0
0 0 0 0 0 1 0 0 0 0 0 0 0 0 0 0
0 0 0 0 0 0 0 1 0 0 0 0 0 0 0 0
0 0 0 0 0 0 0 0 0 0 0 0 0 1 0 0
0 0 0 0 0 0 1 0 0 0 0 0 0 0 0 0
0 0 0 0 0 0 0 0 0 0 0 0 1 0 0 0
0 0 0 0 0 0 0 0 1 0 0 0 0 0 0 0
0 0 0 0 0 0 0 0 0 0 0 1 0 0 0 0
0 0 0 0 0 0 0 0 0 0 0 0 0 0 0 1

Value of Minimized RMSD: 0.222434

Translation vector
-0.0580263
-0.0968137
 -0.124788

Orthogonal matrix
-0.416508   0.90208  0.113016
-0.209631 -0.216257  0.953566
-0.884633 -0.373476 -0.279177

Permutation matrix
0 1 0 0 0 0 0 0 0 0 0 0 0 0 0 0 0
0 0 0 0 0 0 1 0 0 0 0 0 0 0 0 0 0
1 0 0 0 0 0 0 0 0 0 0 0 0 0 0 0 0
0 0 0 0 0 0 0 0 0 0 0 0 0 0 0 1 0
0 0 1 0 0 0 0 0 0 0 0 0 0 0 0 0 0
0 0 0 0 0 0 0 0 0 0 1 0 0 0 0 0 0
0 0 0 0 0 0 0 0 0 0 0 0 1 0 0 0 0
0 0 0 0 0 0 0 0 0 0 0 1 0 0 0 0 0
0 0 0 0 0 0 0 0 0 1 0 0 0 0 0 0 0
0 0 0 0 0 0 0 0 1 0 0 0 0 0 0 0 0
0 0 0 0 0 0 0 0 0 0 0 0 0 0 0 0 1
0 0 0 0 1 0 0 0 0 0 0 0 0 0 0 0 0
0 0 0 0 0 1 0 0 0 0 0 0 0 0 0 0 0
0 0 0 0 0 0 0 0 0 0 0 0 0 1 0 0 0
0 0 0 0 0 0 0 0 0 0 0 0 0 0 1 0 0
0 0 0 1 0 0 0 0 0 0 0 0 0 0 0 0 0
0 0 0 0 0 0 0 1 0 0 0 0 0 0 0 0 0

Value of Minimized RMSD: 0.204471

Translation vector
0.000446176
    0.12692
   0.046983

Orthogonal matrix
-0.309707 -0.528827  0.790205
 0.520438 -0.789804 -0.324583
 0.795755  0.310727   0.51983

Permutation matrix
0 0 0 0 0 0 0 0 1 0 0 0 0 0 0 0 0
0 0 1 0 0 0 0 0 0 0 0 0 0 0 0 0 0
0 0 0 0 0 0 0 0 0 0 0 0 1 0 0 0 0
0 0 0 0 0 0 1 0 0 0 0 0 0 0 0 0 0
1 0 0 0 0 0 0 0 0 0 0 0 0 0 0 0 0
0 0 0 0 0 1 0 0 0 0 0 0 0 0 0 0 0
0 0 0 0 1 0 0 0 0 0 0 0 0 0 0 0 0
0 0 0 0 0 0 0 0 0 0 0 0 0 1 0 0 0
0 0 0 0 0 0 0 0 0 0 0 0 0 0 0 1 0
0 0 0 0 0 0 0 0 0 1 0 0 0 0 0 0 0
0 0 0 0 0 0 0 1 0 0 0 0 0 0 0 0 0
0 0 0 0 0 0 0 0 0 0 0 1 0 0 0 0 0
0 0 0 0 0 0 0 0 0 0 0 0 0 0 0 0 1
0 1 0 0 0 0 0 0 0 0 0 0 0 0 0 0 0
0 0 0 0 0 0 0 0 0 0 1 0 0 0 0 0 0
0 0 0 0 0 0 0 0 0 0 0 0 0 0 1 0 0
0 0 0 1 0 0 0 0 0 0 0 0 0 0 0 0 0

Value of Minimized RMSD: 0.216162

Translation vector
  0.0789776
-0.00177536
 0.00276937

Orthogonal matrix
-0.793411  0.370663  0.482812
-0.413131  0.254595 -0.874359
 0.447015  0.893191 0.0488664

Permutation matrix
0 0 0 0 0 0 0 0 0 0 0 0 1 0 0 0 0
0 0 0 0 0 0 0 0 0 0 0 0 0 0 0 0 1
0 0 1 0 0 0 0 0 0 0 0 0 0 0 0 0 0
0 0 0 0 0 0 0 0 0 0 1 0 0 0 0 0 0
0 0 0 0 0 0 0 0 0 0 0 0 0 0 1 0 0
1 0 0 0 0 0 0 0 0 0 0 0 0 0 0 0 0
0 0 0 0 0 0 0 0 0 0 0 0 0 1 0 0 0
0 0 0 0 0 0 0 0 0 1 0 0 0 0 0 0 0
0 0 0 0 0 0 1 0 0 0 0 0 0 0 0 0 0
0 1 0 0 0 0 0 0 0 0 0 0 0 0 0 0 0
0 0 0 0 0 0 0 0 1 0 0 0 0 0 0 0 0
0 0 0 0 0 0 0 0 0 0 0 0 0 0 0 1 0
0 0 0 0 0 0 0 1 0 0 0 0 0 0 0 0 0
0 0 0 0 0 0 0 0 0 0 0 1 0 0 0 0 0
0 0 0 0 0 1 0 0 0 0 0 0 0 0 0 0 0
0 0 0 0 1 0 0 0 0 0 0 0 0 0 0 0 0
0 0 0 1 0 0 0 0 0 0 0 0 0 0 0 0 0

Value of Minimized RMSD: 0.195187

Translation vector
   0.118093
-0.00975254
 -0.0276027

Orthogonal matrix
 0.330359 -0.639023 -0.694631
-0.512515 -0.739451  0.436508
 0.792585 -0.211805  0.571794

Permutation matrix
0 0 0 0 0 0 0 0 0 0 1 0 0 0 0 0 0
0 0 0 0 0 0 0 1 0 0 0 0 0 0 0 0 0
0 0 0 0 0 0 0 0 0 1 0 0 0 0 0 0 0
0 0 0 0 0 1 0 0 0 0 0 0 0 0 0 0 0
0 0 0 0 0 0 0 0 0 0 0 0 1 0 0 0 0
0 0 0 0 0 0 0 0 0 0 0 1 0 0 0 0 0
0 1 0 0 0 0 0 0 0 0 0 0 0 0 0 0 0
0 0 0 0 0 0 0 0 0 0 0 0 0 1 0 0 0
0 0 0 0 0 0 0 0 1 0 0 0 0 0 0 0 0
1 0 0 0 0 0 0 0 0 0 0 0 0 0 0 0 0
0 0 0 1 0 0 0 0 0 0 0 0 0 0 0 0 0
0 0 1 0 0 0 0 0 0 0 0 0 0 0 0 0 0
0 0 0 0 1 0 0 0 0 0 0 0 0 0 0 0 0
0 0 0 0 0 0 1 0 0 0 0 0 0 0 0 0 0
0 0 0 0 0 0 0 0 0 0 0 0 0 0 0 0 1
0 0 0 0 0 0 0 0 0 0 0 0 0 0 1 0 0
0 0 0 0 0 0 0 0 0 0 0 0 0 0 0 1 0

Value of Minimized RMSD: 0.224545

Translation vector
0.0527859
0.0278582
-0.102626

Orthogonal matrix
-0.364628  0.911411  0.190724
-0.148704  0.145201 -0.978164
 0.919203  0.385027 -0.082586

Permutation matrix
0 0 0 0 0 0 0 0 0 0 1 0 0 0 0 0 0
0 0 0 0 0 0 0 0 0 0 0 0 0 0 0 0 1
0 0 0 0 0 0 0 0 0 1 0 0 0 0 0 0 0
0 0 1 0 0 0 0 0 0 0 0 0 0 0 0 0 0
0 0 0 0 1 0 0 0 0 0 0 0 0 0 0 0 0
0 0 0 0 0 0 0 1 0 0 0 0 0 0 0 0 0
0 0 0 0 0 0 0 0 0 0 0 0 1 0 0 0 0
0 0 0 0 0 0 0 0 1 0 0 0 0 0 0 0 0
0 0 0 0 0 0 1 0 0 0 0 0 0 0 0 0 0
0 0 0 0 0 0 0 0 0 0 0 1 0 0 0 0 0
0 0 0 1 0 0 0 0 0 0 0 0 0 0 0 0 0
0 0 0 0 0 0 0 0 0 0 0 0 0 0 1 0 0
0 1 0 0 0 0 0 0 0 0 0 0 0 0 0 0 0
0 0 0 0 0 0 0 0 0 0 0 0 0 1 0 0 0
1 0 0 0 0 0 0 0 0 0 0 0 0 0 0 0 0
0 0 0 0 0 0 0 0 0 0 0 0 0 0 0 1 0
0 0 0 0 0 1 0 0 0 0 0 0 0 0 0 0 0

Value of Minimized RMSD: 0.23084

Translation vector
0.0760153
 0.051985
0.0634964

Orthogonal matrix
 0.124782  0.479802  0.868458
-0.547659 -0.696572  0.463528
 0.827345 -0.533459  0.175848

Permutation matrix
0 0 0 0 0 0 0 0 0 0 0 0 0 1 0 0 0 0
0 0 0 0 0 0 0 0 0 0 1 0 0 0 0 0 0 0
0 0 0 0 0 0 1 0 0 0 0 0 0 0 0 0 0 0
0 0 0 0 0 0 0 0 0 0 0 1 0 0 0 0 0 0
0 1 0 0 0 0 0 0 0 0 0 0 0 0 0 0 0 0
0 0 0 0 0 0 0 0 0 1 0 0 0 0 0 0 0 0
0 0 0 0 0 0 0 0 0 0 0 0 0 0 0 0 0 1
1 0 0 0 0 0 0 0 0 0 0 0 0 0 0 0 0 0
0 0 0 0 0 0 0 0 0 0 0 0 0 0 0 1 0 0
0 0 0 1 0 0 0 0 0 0 0 0 0 0 0 0 0 0
0 0 0 0 0 0 0 1 0 0 0 0 0 0 0 0 0 0
0 0 0 0 0 0 0 0 0 0 0 0 1 0 0 0 0 0
0 0 0 0 0 0 0 0 0 0 0 0 0 0 1 0 0 0
0 0 0 0 0 1 0 0 0 0 0 0 0 0 0 0 0 0
0 0 0 0 1 0 0 0 0 0 0 0 0 0 0 0 0 0
0 0 0 0 0 0 0 0 0 0 0 0 0 0 0 0 1 0
0 0 0 0 0 0 0 0 1 0 0 0 0 0 0 0 0 0
0 0 1 0 0 0 0 0 0 0 0 0 0 0 0 0 0 0

Value of Minimized RMSD: 0.215375

Translation vector
-0.0259513
  0.120525
 0.0636929

Orthogonal matrix
-0.0345025 -0.0520845   0.998046
 -0.999221 -0.0173389 -0.0354479
 0.0191513  -0.998492 -0.0514457

Permutation matrix
0 0 0 0 0 0 0 1 0 0 0 0 0 0 0 0 0 0
0 0 0 0 1 0 0 0 0 0 0 0 0 0 0 0 0 0
0 0 0 0 0 0 0 0 0 0 0 0 1 0 0 0 0 0
0 0 0 1 0 0 0 0 0 0 0 0 0 0 0 0 0 0
0 0 1 0 0 0 0 0 0 0 0 0 0 0 0 0 0 0
0 0 0 0 0 0 0 0 0 0 0 0 0 1 0 0 0 0
0 0 0 0 0 0 0 0 1 0 0 0 0 0 0 0 0 0
0 0 0 0 0 0 0 0 0 0 0 1 0 0 0 0 0 0
0 0 0 0 0 0 0 0 0 0 0 0 0 0 0 1 0 0
0 0 0 0 0 0 0 0 0 0 1 0 0 0 0 0 0 0
0 0 0 0 0 0 0 0 0 0 0 0 0 0 0 0 1 0
0 0 0 0 0 0 0 0 0 1 0 0 0 0 0 0 0 0
0 1 0 0 0 0 0 0 0 0 0 0 0 0 0 0 0 0
0 0 0 0 0 0 0 0 0 0 0 0 0 0 0 0 0 1
0 0 0 0 0 0 0 0 0 0 0 0 0 0 1 0 0 0
0 0 0 0 0 0 1 0 0 0 0 0 0 0 0 0 0 0
1 0 0 0 0 0 0 0 0 0 0 0 0 0 0 0 0 0
0 0 0 0 0 1 0 0 0 0 0 0 0 0 0 0 0 0

Value of Minimized RMSD: 0.203136

Translation vector
 -0.073143
  0.139433
-0.0944096

Orthogonal matrix
-0.404999 -0.505088  0.762143
 0.839579  -0.53552 0.0912478
 0.362055  0.676835  0.640946

Permutation matrix
0 0 0 0 0 0 0 0 1 0 0 0 0 0 0 0 0 0
0 0 0 0 0 0 0 0 0 0 0 0 1 0 0 0 0 0
0 0 0 0 0 0 0 0 0 0 0 1 0 0 0 0 0 0
0 0 0 0 0 0 0 0 0 0 0 0 0 0 1 0 0 0
0 0 0 0 0 0 0 0 0 0 0 0 0 0 0 0 1 0
0 0 0 0 0 0 0 0 0 0 1 0 0 0 0 0 0 0
0 0 0 0 0 0 0 1 0 0 0 0 0 0 0 0 0 0
0 0 0 0 0 0 1 0 0 0 0 0 0 0 0 0 0 0
0 0 1 0 0 0 0 0 0 0 0 0 0 0 0 0 0 0
0 0 0 1 0 0 0 0 0 0 0 0 0 0 0 0 0 0
0 0 0 0 0 0 0 0 0 1 0 0 0 0 0 0 0 0
1 0 0 0 0 0 0 0 0 0 0 0 0 0 0 0 0 0
0 0 0 0 1 0 0 0 0 0 0 0 0 0 0 0 0 0
0 1 0 0 0 0 0 0 0 0 0 0 0 0 0 0 0 0
0 0 0 0 0 0 0 0 0 0 0 0 0 0 0 0 0 1
0 0 0 0 0 0 0 0 0 0 0 0 0 0 0 1 0 0
0 0 0 0 0 1 0 0 0 0 0 0 0 0 0 0 0 0
0 0 0 0 0 0 0 0 0 0 0 0 0 1 0 0 0 0

Value of Minimized RMSD: 0.253939

Translation vector
  0.114967
 0.0360073
-0.0411535

Orthogonal matrix
-0.885606  0.451258  0.109856
  0.46322  0.841107  0.279224
0.0336016   0.29817 -0.953921

Permutation matrix
0 0 0 0 1 0 0 0 0 0 0 0 0 0 0 0 0 0
0 0 0 0 0 0 0 0 0 0 0 0 0 0 0 1 0 0
0 0 0 0 0 0 0 0 0 0 0 0 1 0 0 0 0 0
0 0 0 0 0 0 0 0 1 0 0 0 0 0 0 0 0 0
0 0 0 0 0 0 0 0 0 0 0 0 0 0 0 0 0 1
1 0 0 0 0 0 0 0 0 0 0 0 0 0 0 0 0 0
0 1 0 0 0 0 0 0 0 0 0 0 0 0 0 0 0 0
0 0 0 1 0 0 0 0 0 0 0 0 0 0 0 0 0 0
0 0 0 0 0 0 0 0 0 1 0 0 0 0 0 0 0 0
0 0 0 0 0 0 0 1 0 0 0 0 0 0 0 0 0 0
0 0 0 0 0 0 0 0 0 0 0 0 0 0 0 0 1 0
0 0 0 0 0 0 0 0 0 0 1 0 0 0 0 0 0 0
0 0 0 0 0 0 0 0 0 0 0 0 0 1 0 0 0 0
0 0 0 0 0 0 0 0 0 0 0 1 0 0 0 0 0 0
0 0 0 0 0 1 0 0 0 0 0 0 0 0 0 0 0 0
0 0 1 0 0 0 0 0 0 0 0 0 0 0 0 0 0 0
0 0 0 0 0 0 0 0 0 0 0 0 0 0 1 0 0 0
0 0 0 0 0 0 1 0 0 0 0 0 0 0 0 0 0 0

Value of Minimized RMSD: 0.213965

Translation vector
 0.0544602
-0.0257805
  0.125996

Orthogonal matrix
-0.335813  0.911681 -0.236786
 0.920786  0.370696  0.121395
 0.198449 -0.177264 -0.963948

Permutation matrix
0 0 0 0 1 0 0 0 0 0 0 0 0 0 0 0 0 0
0 0 0 0 0 0 0 0 0 0 0 0 0 0 0 0 1 0
0 0 0 0 0 0 0 1 0 0 0 0 0 0 0 0 0 0
0 0 0 0 0 0 0 0 0 0 0 0 0 0 0 0 0 1
1 0 0 0 0 0 0 0 0 0 0 0 0 0 0 0 0 0
0 0 0 0 0 0 0 0 0 0 0 0 1 0 0 0 0 0
0 0 0 0 0 0 1 0 0 0 0 0 0 0 0 0 0 0
0 0 0 0 0 0 0 0 0 0 0 0 0 0 1 0 0 0
0 0 0 0 0 0 0 0 0 0 1 0 0 0 0 0 0 0
0 0 0 0 0 0 0 0 0 0 0 0 0 0 0 1 0 0
0 0 1 0 0 0 0 0 0 0 0 0 0 0 0 0 0 0
0 0 0 0 0 0 0 0 0 1 0 0 0 0 0 0 0 0
0 0 0 0 0 1 0 0 0 0 0 0 0 0 0 0 0 0
0 0 0 1 0 0 0 0 0 0 0 0 0 0 0 0 0 0
0 0 0 0 0 0 0 0 1 0 0 0 0 0 0 0 0 0
0 1 0 0 0 0 0 0 0 0 0 0 0 0 0 0 0 0
0 0 0 0 0 0 0 0 0 0 0 1 0 0 0 0 0 0
0 0 0 0 0 0 0 0 0 0 0 0 0 1 0 0 0 0

Value of Minimized RMSD: 0.268321

Translation vector
  0.094724
  -0.10956
-0.0678858

Orthogonal matrix
 -0.974056  -0.142407  -0.175885
-0.0791972  -0.513551   0.854396
 -0.211998   0.846159   0.488949

