Value of Minimized RMSD: 0.00934154

Translation vector
-0.596515
 0.412303
-0.115416

Orthogonal matrix
-0.405235 -0.755725 -0.514455
-0.205063   0.62353 -0.754427
-0.890917  0.200224  0.407648

Permutation matrix
1 0
0 1
0 0
0 0

Value of Minimized RMSD: 0.00223202

Translation vector
 0.54123
0.478719
0.391127

Orthogonal matrix
    0.67934    0.733615   0.0175068
  -0.733246    0.679559  -0.0234508
  0.0291008 -0.00309424   -0.999572

Permutation matrix
0 0
0 1
0 0
1 0

Value of Minimized RMSD: 0.000371225

Translation vector
  0.11384
-0.504797
 -0.10229

Orthogonal matrix
-0.125773 -0.608295  0.783683
-0.228314    0.7865  0.573839
-0.965429 -0.106752 -0.237802

Permutation matrix
1 0
0 0
0 1
0 0

Value of Minimized RMSD: 0.00639269

Translation vector
-0.373277
-0.196632
-0.143599

Orthogonal matrix
 0.200893  0.145485  -0.96875
-0.871505  0.478138 -0.108921
  0.44735  0.866151  0.222845

Permutation matrix
0 0
1 0
0 0
0 1

Value of Minimized RMSD: 0.0773243

Translation vector
 0.581417
  0.22945
-0.421895

Orthogonal matrix
-0.828219  0.365602  0.424723
-0.505959 -0.813691 -0.286205
-0.240956  0.451932 -0.858893

Permutation matrix
1 0
0 0
0 1
0 0

Value of Minimized RMSD: 0.0397419

Translation vector
 0.323598
0.0742515
-0.174866

Orthogonal matrix
 -0.507417   0.472821  -0.720395
 -0.817184 0.00119602   0.576376
 -0.273384  -0.881158  -0.385774

Permutation matrix
1 0 0
0 0 1
0 0 0
0 0 0
0 0 0
0 1 0

Value of Minimized RMSD: 0.040176

Translation vector
 0.402706
-0.323425
0.0991608

Orthogonal matrix
 -0.805855   0.227567   0.546636
 -0.298759  -0.953334 -0.0435559
  0.511215  -0.198412   0.836237

Permutation matrix
1 0 0
0 0 0
0 1 0
0 0 1
0 0 0
0 0 0

Value of Minimized RMSD: 0.0440991

Translation vector
0.0607967
 0.277579
-0.019432

Orthogonal matrix
  -0.839964   -0.542551 -0.00996586
  -0.433911    0.660515    0.612733
   0.325856   -0.518997    0.790227

Permutation matrix
0 0 1
1 0 0
0 1 0
0 0 0
0 0 0
0 0 0

Value of Minimized RMSD: 0.0958467

Translation vector
 0.159928
0.0281583
0.0595997

Orthogonal matrix
 -0.257983  -0.896063   -0.36127
   0.90637 -0.0949758  -0.411671
  0.334571  -0.433648   0.836667

Permutation matrix
1 0 0
0 0 0
0 0 1
0 1 0
0 0 0
0 0 0

Value of Minimized RMSD: 0.161728

Translation vector
  0.157742
 -0.321624
-0.0773311

Orthogonal matrix
-0.823752 -0.376577  0.423818
 0.231995  0.458199   0.85804
-0.517311  0.805136 -0.290078

Permutation matrix
0 0 1
0 0 0
0 1 0
0 0 0
0 0 0
1 0 0

Value of Minimized RMSD: 0.0752963

Translation vector
-0.220548
 0.115948
-0.125123

Orthogonal matrix
 0.212696  0.971705  0.102709
-0.351436  0.174155 -0.919871
-0.911731  0.159557  0.378535

Permutation matrix
0 0 1 0
0 0 0 0
0 0 0 0
0 0 0 0
0 1 0 0
1 0 0 0
0 0 0 0
0 0 0 1

Value of Minimized RMSD: 0.12085

Translation vector
  0.159868
 -0.152217
-0.0814364

Orthogonal matrix
  -0.91017 -0.0496797   0.411245
 -0.408183   0.276637  -0.869976
-0.0705455  -0.959689  -0.272066

Permutation matrix
0 0 0 0
0 1 0 0
0 0 0 0
1 0 0 0
0 0 0 0
0 0 0 1
0 0 0 0
0 0 1 0

Value of Minimized RMSD: 0.0308059

Translation vector
  0.19481
 0.337177
0.0908634

Orthogonal matrix
 -0.969934  0.0755222   0.231352
0.00956545  -0.938066   0.346324
 -0.243179  -0.338124   -0.90914

Permutation matrix
1 0 0 0
0 0 0 0
0 0 0 1
0 0 0 0
0 0 0 0
0 0 0 0
0 1 0 0
0 0 1 0

Value of Minimized RMSD: 0.0955572

Translation vector
  0.138448
-0.0342051
  0.152503

Orthogonal matrix
 0.860381  -0.47125  0.194082
-0.464075 -0.567002  0.680546
-0.210662 -0.675597 -0.706533

Permutation matrix
0 0 0 0
0 0 0 0
0 0 0 0
1 0 0 0
0 0 0 0
0 0 0 1
0 1 0 0
0 0 1 0

Value of Minimized RMSD: 0.121664

Translation vector
-0.188374
0.0671588
-0.049259

Orthogonal matrix
0.0848931  0.565518 -0.820355
-0.170247 -0.802987 -0.571163
-0.981738  0.188151 0.0281097

Permutation matrix
0 1 0 0
0 0 0 0
1 0 0 0
0 0 0 1
0 0 0 0
0 0 0 0
0 0 1 0
0 0 0 0

Value of Minimized RMSD: 0.103346

Translation vector
 0.169304
 0.107688
0.0516126

Orthogonal matrix
 -0.813803  -0.498637   0.298473
 -0.580943   0.684589  -0.440278
-0.0152077   0.531695     0.8468

Permutation matrix
0 0 0 0 0
0 0 1 0 0
0 0 0 0 0
0 0 0 0 1
0 0 0 0 0
0 0 0 1 0
0 0 0 0 0
0 0 0 0 0
0 1 0 0 0
1 0 0 0 0

Value of Minimized RMSD: 0.116923

Translation vector
-0.119629
-0.162176
0.0610871

Orthogonal matrix
 -0.642358 -0.0210621   0.766115
 -0.675819  -0.455872  -0.579181
  0.361449  -0.889796   0.278598

Permutation matrix
0 0 0 0 1
0 0 0 0 0
1 0 0 0 0
0 1 0 0 0
0 0 1 0 0
0 0 0 0 0
0 0 0 0 0
0 0 0 0 0
0 0 0 0 0
0 0 0 1 0

Value of Minimized RMSD: 0.101922

Translation vector
0.0906373
 0.123484
0.0851743

Orthogonal matrix
  0.552388  0.0345939   0.832869
 0.0792024  -0.996796  -0.011127
 -0.829816 -0.0721116   0.553359

Permutation matrix
0 0 0 0 0
1 0 0 0 0
0 0 1 0 0
0 0 0 0 0
0 0 0 1 0
0 0 0 0 1
0 1 0 0 0
0 0 0 0 0
0 0 0 0 0
0 0 0 0 0

Value of Minimized RMSD: 0.0923418

Translation vector
 -0.120005
-0.0621585
 0.0817445

Orthogonal matrix
-0.789838  0.120224  0.601417
-0.525783  0.372133 -0.764898
-0.315766 -0.920361 -0.230712

Permutation matrix
0 0 0 1 0
0 1 0 0 0
0 0 1 0 0
0 0 0 0 0
0 0 0 0 0
0 0 0 0 0
0 0 0 0 0
0 0 0 0 0
0 0 0 0 1
1 0 0 0 0

Value of Minimized RMSD: 0.0791883

Translation vector
-0.261617
0.0278131
 0.265887

Orthogonal matrix
 0.650314  0.735332  0.190732
-0.427904  0.562029 -0.707829
-0.627686  0.378696  0.680147

Permutation matrix
0 0 0 0 1
0 0 0 0 0
0 0 0 1 0
0 0 0 0 0
1 0 0 0 0
0 0 0 0 0
0 0 0 0 0
0 0 1 0 0
0 1 0 0 0
0 0 0 0 0

Value of Minimized RMSD: 0.134483

Translation vector
 0.0694969
  0.215258
-0.0836954

Orthogonal matrix
 -0.699172  -0.714868  0.0111066
-0.0873527  0.0699958  -0.993715
  0.709597  -0.695748  -0.111385

Permutation matrix
0 0 0 1 0 0
0 0 0 0 0 0
1 0 0 0 0 0
0 0 0 0 1 0
0 0 0 0 0 0
0 0 0 0 0 0
0 0 0 0 0 0
0 0 0 0 0 0
0 0 0 0 0 0
0 0 0 0 0 1
0 1 0 0 0 0
0 0 1 0 0 0

Value of Minimized RMSD: 0.219725

Translation vector
 -0.217368
-0.0520841
 0.0636141

Orthogonal matrix
     0.10159 -0.000751251    -0.994826
    0.278644    -0.959951    0.0291797
   -0.955006    -0.280167   -0.0973123

Permutation matrix
0 0 0 0 0 0
0 0 0 0 0 0
0 0 0 1 0 0
0 0 1 0 0 0
0 0 0 0 0 1
0 0 0 0 0 0
1 0 0 0 0 0
0 0 0 0 0 0
0 0 0 0 0 0
0 0 0 0 0 0
0 1 0 0 0 0
0 0 0 0 1 0

Value of Minimized RMSD: 0.120351

Translation vector
  -0.158711
-0.00781413
  0.0197889

Orthogonal matrix
 -0.717972  -0.695796 -0.0195967
 -0.657275   0.686953  -0.309977
  0.229143  -0.209674  -0.950542

Permutation matrix
1 0 0 0 0 0
0 0 0 0 0 1
0 0 0 0 0 0
0 0 1 0 0 0
0 0 0 0 0 0
0 0 0 0 0 0
0 0 0 0 0 0
0 0 0 0 0 0
0 0 0 1 0 0
0 0 0 0 0 0
0 0 0 0 1 0
0 1 0 0 0 0

Value of Minimized RMSD: 0.151274

Translation vector
-0.0459285
 -0.110897
 0.0191542

Orthogonal matrix
 0.493198 -0.149676 -0.856944
 0.315451 -0.887267  0.336524
 0.810707  0.436297  0.390382

Permutation matrix
1 0 0 0 0 0
0 0 0 0 0 0
0 0 0 1 0 0
0 0 0 0 0 0
0 0 0 0 0 0
0 0 0 0 0 0
0 0 0 0 0 0
0 0 1 0 0 0
0 0 0 0 0 0
0 1 0 0 0 0
0 0 0 0 1 0
0 0 0 0 0 1

Value of Minimized RMSD: 0.153666

Translation vector
 0.0527851
 0.0217371
-0.0143758

Orthogonal matrix
  0.915262   0.098957   0.390515
  0.402555  -0.262271   -0.87702
-0.0156336  -0.959907   0.279882

Permutation matrix
0 0 0 0 0 0
0 0 1 0 0 0
0 0 0 0 0 0
1 0 0 0 0 0
0 0 0 0 0 0
0 1 0 0 0 0
0 0 0 0 0 0
0 0 0 0 1 0
0 0 0 0 0 0
0 0 0 1 0 0
0 0 0 0 0 1
0 0 0 0 0 0

Value of Minimized RMSD: 0.1346

Translation vector
  0.142225
-0.0266407
 -0.224084

Orthogonal matrix
 0.855931  0.430136 -0.286994
   0.4889 -0.853935  0.178248
 0.168404  0.292879  0.941203

Permutation matrix
0 0 0 0 0 0 0
0 0 1 0 0 0 0
0 0 0 0 0 0 0
0 0 0 0 0 0 1
0 0 0 0 0 0 0
0 1 0 0 0 0 0
0 0 0 0 0 0 0
0 0 0 0 0 0 0
0 0 0 1 0 0 0
0 0 0 0 0 0 0
1 0 0 0 0 0 0
0 0 0 0 0 1 0
0 0 0 0 1 0 0
0 0 0 0 0 0 0

Value of Minimized RMSD: 0.124952

Translation vector
 -0.318244
  0.112029
-0.0777094

Orthogonal matrix
 0.101642 -0.943069 -0.316686
-0.349332 -0.331898  0.876248
 -0.93147 0.0215644 -0.363179

Permutation matrix
0 0 0 0 0 0 0
1 0 0 0 0 0 0
0 0 0 0 0 0 0
0 0 0 0 0 0 1
0 0 0 0 1 0 0
0 0 0 0 0 0 0
0 0 0 0 0 0 0
0 1 0 0 0 0 0
0 0 0 1 0 0 0
0 0 1 0 0 0 0
0 0 0 0 0 0 0
0 0 0 0 0 0 0
0 0 0 0 0 1 0
0 0 0 0 0 0 0

Value of Minimized RMSD: 0.0912719

Translation vector
-0.153367
0.0478428
 0.079985

Orthogonal matrix
  0.746178   0.509377  -0.428665
  0.664999  -0.539765   0.516168
-0.0315457   0.670215   0.741496

Permutation matrix
0 0 0 0 0 0 0
0 0 0 0 0 0 1
0 0 0 0 0 0 0
0 0 0 0 0 0 0
0 0 0 0 0 0 0
1 0 0 0 0 0 0
0 0 0 0 0 0 0
0 0 0 0 0 1 0
0 0 0 1 0 0 0
0 0 0 0 1 0 0
0 0 0 0 0 0 0
0 1 0 0 0 0 0
0 0 1 0 0 0 0
0 0 0 0 0 0 0

Value of Minimized RMSD: 0.115411

Translation vector
 0.116741
-0.118979
 0.232381

Orthogonal matrix
  0.191914  -0.972922  -0.128811
  -0.49097  -0.208824   0.845778
 -0.849775 -0.0990745  -0.517752

Permutation matrix
1 0 0 0 0 0 0
0 0 0 0 0 0 0
0 0 1 0 0 0 0
0 0 0 1 0 0 0
0 0 0 0 0 0 0
0 0 0 0 0 0 0
0 0 0 0 0 0 0
0 0 0 0 0 0 0
0 0 0 0 0 0 0
0 0 0 0 0 1 0
0 1 0 0 0 0 0
0 0 0 0 0 0 0
0 0 0 0 1 0 0
0 0 0 0 0 0 1

Value of Minimized RMSD: 0.166828

Translation vector
-0.0198915
  0.136973
 0.0385215

Orthogonal matrix
-0.417377 -0.857204 -0.301658
 0.493729 0.0647765   -0.8672
 0.762908 -0.510886   0.39619

Permutation matrix
0 0 0 0 0 0 0
0 0 0 0 0 1 0
0 0 0 0 0 0 0
1 0 0 0 0 0 0
0 0 0 0 0 0 0
0 0 0 0 1 0 0
0 0 1 0 0 0 0
0 0 0 0 0 0 0
0 0 0 0 0 0 0
0 0 0 1 0 0 0
0 0 0 0 0 0 1
0 0 0 0 0 0 0
0 1 0 0 0 0 0
0 0 0 0 0 0 0

Value of Minimized RMSD: 0.122699

Translation vector
0.151845
0.169156
 0.13482

Orthogonal matrix
 0.519955 -0.519125 -0.678348
 0.569747  -0.38091  0.728214
-0.636424 -0.765126 0.0977131

Permutation matrix
0 0 1 0 0 0 0 0
0 0 0 0 0 0 0 0
0 0 0 0 0 0 0 0
0 0 0 0 0 0 0 1
0 0 0 0 0 1 0 0
0 0 0 0 0 0 0 0
0 0 0 0 0 0 0 0
0 0 0 0 1 0 0 0
0 0 0 0 0 0 0 0
1 0 0 0 0 0 0 0
0 0 0 0 0 0 1 0
0 0 0 0 0 0 0 0
0 0 0 0 0 0 0 0
0 0 0 1 0 0 0 0
0 0 0 0 0 0 0 0
0 1 0 0 0 0 0 0

Value of Minimized RMSD: 0.09263

Translation vector
 0.161274
 0.238475
0.0322022

Orthogonal matrix
0.0655199 -0.986827  0.147915
-0.989499 -0.083393 -0.118059
-0.128839  0.138627  0.981928

Permutation matrix
0 0 0 0 0 0 1 0
0 0 0 0 1 0 0 0
0 0 0 0 0 0 0 0
0 0 0 0 0 0 0 0
0 0 0 0 0 1 0 0
0 0 0 0 0 0 0 1
0 0 0 0 0 0 0 0
0 0 0 0 0 0 0 0
0 0 0 0 0 0 0 0
0 0 0 0 0 0 0 0
0 0 1 0 0 0 0 0
0 0 0 1 0 0 0 0
1 0 0 0 0 0 0 0
0 0 0 0 0 0 0 0
0 0 0 0 0 0 0 0
0 1 0 0 0 0 0 0

Value of Minimized RMSD: 0.14428

Translation vector
 -0.126889
-0.0475227
-0.0653386

Orthogonal matrix
  0.981319   0.191691  0.0163526
-0.0956658   0.412456    0.90594
  0.166916  -0.890581   0.423089

Permutation matrix
0 0 0 0 0 0 0 0
0 0 0 0 0 0 1 0
0 0 0 0 0 0 0 0
0 0 1 0 0 0 0 0
0 0 0 0 0 0 0 0
0 0 0 1 0 0 0 0
0 0 0 0 0 0 0 0
0 0 0 0 0 1 0 0
0 0 0 0 0 0 0 0
0 0 0 0 0 0 0 0
0 0 0 0 0 0 0 0
0 1 0 0 0 0 0 0
0 0 0 0 0 0 0 0
1 0 0 0 0 0 0 0
0 0 0 0 1 0 0 0
0 0 0 0 0 0 0 1

Value of Minimized RMSD: 0.123259

Translation vector
 0.208136
-0.239403
-0.111199

Orthogonal matrix
0.0578559  0.680798  0.730183
-0.676288  0.564746 -0.472965
 0.734362   0.46645 -0.493089

Permutation matrix
0 0 0 0 0 0 0 0
0 0 0 0 0 1 0 0
0 0 0 0 0 0 1 0
0 0 1 0 0 0 0 0
0 0 0 0 0 0 0 0
0 0 0 0 0 0 0 0
0 0 0 1 0 0 0 0
0 0 0 0 0 0 0 0
0 0 0 0 0 0 0 0
0 0 0 0 0 0 0 0
0 0 0 0 1 0 0 0
0 0 0 0 0 0 0 1
1 0 0 0 0 0 0 0
0 1 0 0 0 0 0 0
0 0 0 0 0 0 0 0
0 0 0 0 0 0 0 0

Value of Minimized RMSD: 0.120426

Translation vector
0.0306398
0.0328285
0.0396387

Orthogonal matrix
  0.165692  -0.535244  -0.828287
 -0.153756   0.815605  -0.557806
 -0.974118  -0.219778 -0.0528417

Permutation matrix
0 1 0 0 0 0 0 0
0 0 0 0 0 0 0 0
0 0 0 1 0 0 0 0
0 0 0 0 0 1 0 0
0 0 0 0 0 0 0 1
0 0 1 0 0 0 0 0
0 0 0 0 0 0 0 0
0 0 0 0 0 0 1 0
1 0 0 0 0 0 0 0
0 0 0 0 0 0 0 0
0 0 0 0 0 0 0 0
0 0 0 0 0 0 0 0
0 0 0 0 0 0 0 0
0 0 0 0 0 0 0 0
0 0 0 0 0 0 0 0
0 0 0 0 1 0 0 0

Value of Minimized RMSD: 0.132184

Translation vector
-0.0263685
-0.0098487
-0.0174759

Orthogonal matrix
-0.539658  0.337538  0.771257
 0.759429  -0.20023  0.619012
 0.363369  0.919769 -0.148281

Permutation matrix
0 0 0 1 0 0 0 0 0
0 0 0 0 0 0 0 0 0
0 0 0 0 0 0 0 1 0
0 0 0 0 0 0 0 0 0
0 0 0 0 0 0 0 0 0
0 0 0 0 0 0 0 0 0
0 0 0 0 0 0 0 0 0
0 1 0 0 0 0 0 0 0
0 0 1 0 0 0 0 0 0
0 0 0 0 1 0 0 0 0
0 0 0 0 0 0 0 0 1
0 0 0 0 0 1 0 0 0
0 0 0 0 0 0 0 0 0
0 0 0 0 0 0 1 0 0
1 0 0 0 0 0 0 0 0
0 0 0 0 0 0 0 0 0
0 0 0 0 0 0 0 0 0
0 0 0 0 0 0 0 0 0

Value of Minimized RMSD: 0.143524

Translation vector
-0.089282
 0.159832
 0.165617

Orthogonal matrix
 -0.20202  0.900867 -0.384221
-0.881397 -0.338275  -0.32971
 0.426998 -0.272044  -0.86236

Permutation matrix
0 0 0 0 0 0 0 0 0
0 0 0 0 0 0 0 0 0
0 1 0 0 0 0 0 0 0
0 0 0 0 0 0 0 0 0
0 0 0 0 0 0 0 0 0
0 0 0 0 0 0 0 0 0
0 0 0 0 0 0 0 0 0
0 0 0 0 0 0 1 0 0
0 0 0 0 1 0 0 0 0
0 0 0 0 0 0 0 0 0
0 0 0 1 0 0 0 0 0
0 0 0 0 0 0 0 0 0
0 0 0 0 0 1 0 0 0
0 0 0 0 0 0 0 0 0
0 0 0 0 0 0 0 1 0
1 0 0 0 0 0 0 0 0
0 0 0 0 0 0 0 0 1
0 0 1 0 0 0 0 0 0

Value of Minimized RMSD: 0.128968

Translation vector
-0.0250543
 -0.111815
-0.0244104

Orthogonal matrix
  -0.99109 -0.0754761  -0.109743
  0.064671  -0.992995  0.0988916
 -0.116438  0.0909133   0.989028

Permutation matrix
0 0 0 0 0 0 0 0 0
0 0 0 0 0 1 0 0 0
0 0 0 1 0 0 0 0 0
0 0 0 0 0 0 0 0 0
0 1 0 0 0 0 0 0 0
0 0 0 0 0 0 0 0 0
1 0 0 0 0 0 0 0 0
0 0 0 0 0 0 0 0 0
0 0 0 0 0 0 0 0 0
0 0 0 0 0 0 0 1 0
0 0 1 0 0 0 0 0 0
0 0 0 0 0 0 0 0 0
0 0 0 0 0 0 0 0 1
0 0 0 0 1 0 0 0 0
0 0 0 0 0 0 0 0 0
0 0 0 0 0 0 0 0 0
0 0 0 0 0 0 0 0 0
0 0 0 0 0 0 1 0 0

Value of Minimized RMSD: 0.129685

Translation vector
-0.139679
-0.151849
0.0546479

Orthogonal matrix
 -0.429807  -0.344874  -0.834463
-0.0403982  -0.915911   0.399343
 -0.902017   0.205351   0.379732

Permutation matrix
0 0 0 1 0 0 0 0 0
0 0 0 0 0 0 0 0 1
0 0 0 0 0 0 0 0 0
0 0 0 0 0 0 0 0 0
0 0 0 0 0 0 0 0 0
0 0 0 0 0 0 0 0 0
0 0 1 0 0 0 0 0 0
0 0 0 0 0 0 1 0 0
0 0 0 0 0 0 0 0 0
1 0 0 0 0 0 0 0 0
0 0 0 0 0 0 0 1 0
0 0 0 0 0 0 0 0 0
0 0 0 0 0 0 0 0 0
0 0 0 0 1 0 0 0 0
0 0 0 0 0 1 0 0 0
0 1 0 0 0 0 0 0 0
0 0 0 0 0 0 0 0 0
0 0 0 0 0 0 0 0 0

Value of Minimized RMSD: 0.154516

Translation vector
 -0.036416
-0.0485696
-0.0140925

Orthogonal matrix
0.0363899  0.117883 -0.992361
 -0.75958  0.648552 0.0491878
-0.649396 -0.751987 -0.113142

Permutation matrix
0 0 0 0 0 1 0 0 0
0 1 0 0 0 0 0 0 0
0 0 0 0 0 0 1 0 0
0 0 0 0 0 0 0 0 0
0 0 0 0 0 0 0 0 0
0 0 0 0 0 0 0 0 0
0 0 0 0 0 0 0 0 0
0 0 0 0 0 0 0 0 0
0 0 0 0 0 0 0 0 0
0 0 0 0 0 0 0 1 0
0 0 0 0 1 0 0 0 0
0 0 0 1 0 0 0 0 0
0 0 0 0 0 0 0 0 0
1 0 0 0 0 0 0 0 0
0 0 1 0 0 0 0 0 0
0 0 0 0 0 0 0 0 1
0 0 0 0 0 0 0 0 0
0 0 0 0 0 0 0 0 0

Value of Minimized RMSD: 0.136214

Translation vector
-0.0739856
  0.110295
 0.0916547

Orthogonal matrix
-0.254615  0.921311  0.293867
-0.359781 -0.372317  0.855534
 0.897624  0.112104  0.426268

Permutation matrix
0 0 0 0 0 0 0 0 0 0
0 0 0 0 0 0 1 0 0 0
0 0 0 0 0 0 0 0 0 0
0 0 0 0 0 0 0 0 1 0
0 0 0 0 0 0 0 0 0 0
0 0 0 0 0 0 0 0 0 0
0 0 0 0 0 0 0 0 0 0
0 0 0 0 0 0 0 1 0 0
0 0 0 0 0 0 0 0 0 0
0 0 0 0 0 0 0 0 0 0
0 0 0 0 0 0 0 0 0 0
0 1 0 0 0 0 0 0 0 0
0 0 0 0 0 0 0 0 0 1
0 0 0 0 0 0 0 0 0 0
0 0 1 0 0 0 0 0 0 0
0 0 0 1 0 0 0 0 0 0
0 0 0 0 0 0 0 0 0 0
0 0 0 0 1 0 0 0 0 0
1 0 0 0 0 0 0 0 0 0
0 0 0 0 0 1 0 0 0 0

Value of Minimized RMSD: 0.129635

Translation vector
-0.0918076
 0.0144983
 -0.105924

Orthogonal matrix
0.0473272 -0.469837  0.881484
 0.581375  0.730556  0.358177
-0.812258  0.495521  0.307727

Permutation matrix
0 0 0 0 0 0 1 0 0 0
0 0 0 0 0 0 0 0 0 0
0 0 0 0 0 0 0 1 0 0
0 0 0 0 0 0 0 0 1 0
0 0 0 0 1 0 0 0 0 0
0 0 0 0 0 0 0 0 0 0
0 0 0 0 0 0 0 0 0 0
0 0 0 0 0 0 0 0 0 0
0 1 0 0 0 0 0 0 0 0
0 0 0 0 0 0 0 0 0 0
0 0 1 0 0 0 0 0 0 0
0 0 0 0 0 0 0 0 0 0
0 0 0 0 0 0 0 0 0 1
0 0 0 0 0 0 0 0 0 0
0 0 0 0 0 0 0 0 0 0
1 0 0 0 0 0 0 0 0 0
0 0 0 0 0 1 0 0 0 0
0 0 0 1 0 0 0 0 0 0
0 0 0 0 0 0 0 0 0 0
0 0 0 0 0 0 0 0 0 0

Value of Minimized RMSD: 0.110897

Translation vector
-0.125359
0.0438057
0.0113185

Orthogonal matrix
 -0.967831 -0.0175225  -0.250989
 -0.251523  0.0920241   0.963466
0.00621471   0.995603 -0.0934712

Permutation matrix
0 0 0 0 0 0 0 0 0 0
0 0 0 0 0 0 0 0 0 0
0 0 0 0 1 0 0 0 0 0
0 1 0 0 0 0 0 0 0 0
0 0 0 0 0 0 0 1 0 0
0 0 0 0 0 0 0 0 1 0
0 0 0 0 0 0 0 0 0 0
0 0 0 0 0 1 0 0 0 0
0 0 0 0 0 0 0 0 0 1
0 0 0 0 0 0 0 0 0 0
0 0 0 0 0 0 0 0 0 0
0 0 0 0 0 0 0 0 0 0
0 0 0 0 0 0 0 0 0 0
0 0 0 1 0 0 0 0 0 0
0 0 0 0 0 0 0 0 0 0
0 0 1 0 0 0 0 0 0 0
0 0 0 0 0 0 1 0 0 0
0 0 0 0 0 0 0 0 0 0
1 0 0 0 0 0 0 0 0 0
0 0 0 0 0 0 0 0 0 0

