Value of Minimized RMSD: 0.264595

Translation vector
0.704656
0.322555
0.162923

Orthogonal matrix
 0.208425  0.187738 -0.959851
 0.176246  0.958128  0.225671
 0.962027 -0.216205   0.16661

Permutation matrix
1 0
0 1

Value of Minimized RMSD: 0.0299611

Translation vector
 0.0681538
 -0.858948
-0.0626119

Orthogonal matrix
  -0.0686216     0.997643  0.000301525
   -0.997643   -0.0686215 -0.000237494
-0.000216243 -0.000317111            1

Permutation matrix
0 1
1 0

Value of Minimized RMSD: 0.212696

Translation vector
-0.110432
 0.166396
-0.208876

Orthogonal matrix
-0.938158 -0.333223 0.0939275
-0.343205  0.930796 -0.125818
0.0455019  0.150273  0.987597

Permutation matrix
1 0
0 1

Value of Minimized RMSD: 0.38727

Translation vector
-0.305189
 0.125861
-0.215661

Orthogonal matrix
  0.940051  -0.138501   0.311642
-0.0117385   0.900136   0.435451
  0.340831   0.413005  -0.844548

Permutation matrix
1 0
0 1

Value of Minimized RMSD: 0.217575

Translation vector
-0.482037
 0.164299
-0.634894

Orthogonal matrix
 0.620394  -0.69328 -0.366706
 0.043346 -0.436541   0.89864
-0.783091 -0.573406 -0.240777

Permutation matrix
0 1
1 0

Value of Minimized RMSD: 0.222603

Translation vector
0.233784
 0.29067
-0.06039

Orthogonal matrix
-0.327824 -0.932299  0.152807
 0.746138 -0.156288  0.647188
 -0.57949  0.326179  0.746859

Permutation matrix
0 0 1
1 0 0
0 1 0

Value of Minimized RMSD: 0.157144

Translation vector
0.0411356
-0.108495
-0.157093

Orthogonal matrix
 0.804001 -0.468376  0.366343
-0.578415 -0.758912  0.299146
 0.137909 -0.452412 -0.881082

Permutation matrix
0 1 0
1 0 0
0 0 1

Value of Minimized RMSD: 0.115584

Translation vector
-0.182969
 -0.10012
 0.199824

Orthogonal matrix
 -0.933177   0.147473    0.32777
 -0.347833  -0.600216  -0.720245
-0.0905164   0.786125  -0.611404

Permutation matrix
1 0 0
0 0 1
0 1 0

Value of Minimized RMSD: 0.120275

Translation vector
  -0.04083
-0.0875394
 -0.526616

Orthogonal matrix
 -0.105465   0.773644  -0.624781
 0.0293378   0.630432    0.77569
   0.99399  0.0634784 -0.0891855

Permutation matrix
1 0 0
0 0 1
0 1 0

Value of Minimized RMSD: 0.157788

Translation vector
-0.0272537
 -0.176169
-0.0382483

Orthogonal matrix
-0.172995  -0.82918 -0.531538
 0.785738   0.20922 -0.582103
-0.593877   0.51835 -0.615324

Permutation matrix
1 0 0
0 0 1
0 1 0

Value of Minimized RMSD: 0.15206

Translation vector
 -0.32964
0.0576601
 0.217123

Orthogonal matrix
-0.083054 0.0569696 -0.994915
 -0.98583 -0.150708 0.0736659
-0.145745  0.986935 0.0686793

Permutation matrix
0 1 0 0
0 0 0 1
0 0 1 0
1 0 0 0

Value of Minimized RMSD: 0.118983

Translation vector
-0.0458003
 -0.205998
  0.286283

Orthogonal matrix
-0.596037 -0.415086  0.687346
 0.668451  0.217769  0.711162
-0.444876  0.883335  0.147667

Permutation matrix
0 1 0 0
0 0 0 1
0 0 1 0
1 0 0 0

Value of Minimized RMSD: 0.311058

Translation vector
-0.210858
-0.200255
 0.130841

Orthogonal matrix
  0.880137  0.0469746  -0.472391
  -0.47306   0.169945  -0.864484
-0.0396715  -0.984333  -0.171796

Permutation matrix
0 0 0 1
0 0 1 0
0 1 0 0
1 0 0 0

Value of Minimized RMSD: 0.150553

Translation vector
 0.225884
-0.113647
0.0591096

Orthogonal matrix
-0.605432  0.385487 -0.696313
  0.51695 -0.474748 -0.712304
-0.605157 -0.791211 0.0881504

Permutation matrix
1 0 0 0
0 1 0 0
0 0 0 1
0 0 1 0

Value of Minimized RMSD: 0.194501

Translation vector
 -0.0769047
-0.00195663
  -0.142343

Orthogonal matrix
 -0.56512 -0.328103  -0.75696
 0.787848 0.0576431 -0.613166
 0.244815 -0.942882   0.22592

Permutation matrix
0 1 0 0
0 0 1 0
0 0 0 1
1 0 0 0

Value of Minimized RMSD: 0.260288

Translation vector
  0.148624
-0.0449219
 -0.114536

Orthogonal matrix
 0.0548777  -0.981014  -0.186009
  0.100823   0.190782  -0.976441
  -0.99339 -0.0348308  -0.109379

Permutation matrix
1 0 0 0 0
0 1 0 0 0
0 0 0 1 0
0 0 1 0 0
0 0 0 0 1

Value of Minimized RMSD: 0.196326

Translation vector
-0.101773
-0.177094
 0.171467

Orthogonal matrix
 0.581438 -0.136713  0.802022
 0.088644  0.990557  0.104587
-0.808747 0.0102833  0.588066

Permutation matrix
0 0 1 0 0
0 0 0 1 0
1 0 0 0 0
0 0 0 0 1
0 1 0 0 0

Value of Minimized RMSD: 0.255439

Translation vector
0.147023
0.132828
0.288868

Orthogonal matrix
-0.310638   0.63502  0.707286
 0.946454  0.137813  0.291947
0.0879189  0.760103 -0.643827

Permutation matrix
0 0 0 1 0
0 0 1 0 0
0 1 0 0 0
0 0 0 0 1
1 0 0 0 0

Value of Minimized RMSD: 0.181778

Translation vector
 0.0749084
-0.0138716
-0.0428798

Orthogonal matrix
 0.591024  0.705058  0.391897
 0.705629 -0.216478 -0.674703
 0.390868   -0.6753  0.625453

Permutation matrix
1 0 0 0 0
0 0 1 0 0
0 0 0 0 1
0 0 0 1 0
0 1 0 0 0

Value of Minimized RMSD: 0.25062

Translation vector
  0.239831
  0.156244
-0.0987577

Orthogonal matrix
  0.176931  -0.332884    0.92622
 0.0867104    0.94268   0.322236
  0.980396 -0.0232995  -0.195654

Permutation matrix
0 0 1 0 0
0 0 0 1 0
0 0 0 0 1
1 0 0 0 0
0 1 0 0 0

Value of Minimized RMSD: 0.220209

Translation vector
 -0.239184
 0.0684721
-0.0880012

Orthogonal matrix
 0.209197 0.0580771  0.976147
  -0.9702  0.137134  0.199764
-0.122261 -0.988848 0.0850345

Permutation matrix
1 0 0 0 0 0
0 0 0 0 1 0
0 0 1 0 0 0
0 1 0 0 0 0
0 0 0 0 0 1
0 0 0 1 0 0

Value of Minimized RMSD: 0.301423

Translation vector
-0.165734
-0.181491
 -0.21151

Orthogonal matrix
-0.725027   0.68863 0.0111504
  0.50377  0.519219  0.690382
-0.469628 -0.506163  0.723359

Permutation matrix
1 0 0 0 0 0
0 0 0 0 1 0
0 1 0 0 0 0
0 0 0 1 0 0
0 0 1 0 0 0
0 0 0 0 0 1

Value of Minimized RMSD: 0.205908

Translation vector
 0.0389747
-0.0077605
  0.178551

Orthogonal matrix
  0.821132  -0.570722 0.00434084
   0.31718   0.449996  -0.834806
 -0.474489  -0.686862  -0.550528

Permutation matrix
0 0 0 0 1 0
0 1 0 0 0 0
0 0 0 1 0 0
1 0 0 0 0 0
0 0 1 0 0 0
0 0 0 0 0 1

Value of Minimized RMSD: 0.244034

Translation vector
-0.0317465
  -0.14079
  0.122636

Orthogonal matrix
 -0.988766   0.145863  0.0326427
-0.0582483   -0.57714   0.814565
  0.137655   0.803513   0.579153

Permutation matrix
0 0 0 1 0 0
1 0 0 0 0 0
0 0 0 0 1 0
0 1 0 0 0 0
0 0 0 0 0 1
0 0 1 0 0 0

Value of Minimized RMSD: 0.196965

Translation vector
 0.0108726
-0.0640155
-0.0128002

Orthogonal matrix
-0.760466 -0.100626  0.641534
-0.223614 -0.886922 -0.404186
-0.609662  0.450826 -0.651973

Permutation matrix
1 0 0 0 0 0
0 1 0 0 0 0
0 0 0 1 0 0
0 0 1 0 0 0
0 0 0 0 1 0
0 0 0 0 0 1

Value of Minimized RMSD: 0.215514

Translation vector
  0.104299
  0.261629
0.00317648

Orthogonal matrix
  0.924197   0.356746  -0.136353
  0.381648   -0.84932   0.364692
-0.0142945   0.389086   0.921091

Permutation matrix
0 1 0 0 0 0 0
0 0 1 0 0 0 0
0 0 0 0 1 0 0
0 0 0 1 0 0 0
0 0 0 0 0 1 0
0 0 0 0 0 0 1
1 0 0 0 0 0 0

Value of Minimized RMSD: 0.195142

Translation vector
  0.30859
0.0770638
-0.118817

Orthogonal matrix
-0.465829    0.3174 -0.825991
 0.882288 0.0952838 -0.460964
0.0676066  0.943492  0.324425

Permutation matrix
0 0 0 1 0 0 0
0 1 0 0 0 0 0
0 0 0 0 0 1 0
0 0 1 0 0 0 0
0 0 0 0 1 0 0
1 0 0 0 0 0 0
0 0 0 0 0 0 1

Value of Minimized RMSD: 0.139652

Translation vector
-0.0337299
-0.0850496
  0.186527

Orthogonal matrix
-0.0537962    0.38663  -0.920664
 -0.938783   0.294612   0.178576
  0.340282   0.873911   0.347113

Permutation matrix
0 0 0 0 1 0 0
0 0 0 1 0 0 0
0 1 0 0 0 0 0
0 0 0 0 0 1 0
0 0 0 0 0 0 1
1 0 0 0 0 0 0
0 0 1 0 0 0 0

