Number of substructure: 1
Value of Minimized RMSD: 0.00275297

Translation vector
-0.809054
-0.987034
0.0290176

Orthogonal matrix
 0.346436  0.758893   0.55142
-0.865584  0.485187 -0.123926
-0.361588 -0.434369  0.824971

Permutation matrix
1 0
0 1
0 0
0 0

Number of substructure: 1
Value of Minimized RMSD: 0.00941791

Translation vector
-0.0314794
 -0.723867
 0.0604298

Orthogonal matrix
 -0.887114 -0.0991107   0.450783
 -0.384825   0.698065  -0.603834
 -0.254829  -0.709142  -0.657404

Permutation matrix
1 0
0 1
0 0
0 0

Number of substructure: 1
Value of Minimized RMSD: 0.00343792

Translation vector
 -0.85365
 0.594819
0.0102615

Orthogonal matrix
    0.3039   0.951804  0.0414045
 -0.938884   0.291833   0.182567
  0.161685 -0.0943561   0.982321

Permutation matrix
1 0
0 1
0 0
0 0

Number of substructure: 2
Value of Minimized RMSD: 0.00605047

Translation vector
 -0.57646
 0.086533
-0.190247

Orthogonal matrix
  0.640958  -0.525886   0.559121
  0.373444   0.850051    0.37142
 -0.670606 -0.0292642   0.741236

Permutation matrix
1 0
0 1
0 0
0 0

Value of Minimized RMSD: 0.00365885

Translation vector
 0.121052
-0.587599
 0.274457

Orthogonal matrix
-0.434809  0.586437 -0.683398
 -0.37598 -0.807803 -0.453976
-0.818279  0.059551  0.571729

Permutation matrix
0 0
0 0
1 0
0 1

Number of substructure: 1
Value of Minimized RMSD: 0.00856561

Translation vector
-0.790734
 0.994187
 -1.20656

Orthogonal matrix
   0.865014    0.364405    0.344905
   0.334664   -0.931191    0.144507
   0.373832 -0.00957361   -0.927447

Permutation matrix
1 0
0 1
0 0
0 0

Number of substructure: 1
Value of Minimized RMSD: 0.00237532

Translation vector
0.359196
0.192945
0.329223

Orthogonal matrix
 0.558116 0.0488223  0.828326
-0.276255   0.95225  0.130011
-0.782426  -0.30139  0.544953

Permutation matrix
1 0 0
0 1 0
0 0 1
0 0 0
0 0 0
0 0 0

Number of substructure: 1
Value of Minimized RMSD: 0.00445115

Translation vector
-0.0581654
  0.195654
 -0.464544

Orthogonal matrix
  0.835803 -0.0512897   0.546629
  0.411123   0.718345  -0.561211
 -0.363884   0.693794   0.621481

Permutation matrix
1 0 0
0 1 0
0 0 1
0 0 0
0 0 0
0 0 0

Number of substructure: 1
Value of Minimized RMSD: 0.0116601

Translation vector
 1.01106
0.220808
0.166139

Orthogonal matrix
 0.642748  0.605597 -0.469177
-0.532453  0.793479  0.294762
 0.550789 0.0603567  0.832459

Permutation matrix
1 0 0
0 1 0
0 0 1
0 0 0
0 0 0
0 0 0

Number of substructure: 1
Value of Minimized RMSD: 0.0135273

Translation vector
-0.270957
-0.788805
 0.616212

Orthogonal matrix
 0.889586  0.354647  0.287859
-0.449253  0.565484  0.691664
0.0825171 -0.744616  0.662373

Permutation matrix
1 0 0
0 1 0
0 0 1
0 0 0
0 0 0
0 0 0

Number of substructure: 2
Value of Minimized RMSD: 0.013087

Translation vector
-0.21329
0.449817
0.333732

Orthogonal matrix
 0.569665  0.436712  0.696251
-0.796186   0.50339  0.335688
-0.203886 -0.745575  0.634467

Permutation matrix
1 0 0
0 1 0
0 0 1
0 0 0
0 0 0
0 0 0

Value of Minimized RMSD: 0.0274807

Translation vector
 0.193932
0.0840512
 0.235834

Orthogonal matrix
 0.475118 -0.851782   0.22075
-0.859514 -0.395537  0.323708
-0.188413 -0.343537 -0.920045

Permutation matrix
0 0 0
0 0 0
0 0 0
0 0 1
0 1 0
1 0 0

Number of substructure: 1
Value of Minimized RMSD: 0.0146179

Translation vector
  -0.849651
   0.228693
-0.00783544

Orthogonal matrix
 0.575747 -0.345781 -0.740913
 0.695591  0.683415  0.221581
 0.429732 -0.642946  0.633996

Permutation matrix
1 0 0 0
0 1 0 0
0 0 1 0
0 0 0 1
0 0 0 0
0 0 0 0
0 0 0 0
0 0 0 0

Number of substructure: 1
Value of Minimized RMSD: 0.0110402

Translation vector
 0.953342
-0.742278
-0.359044

Orthogonal matrix
  0.933198  -0.359035 -0.0153624
  0.339136   0.865727   0.368108
 -0.118864  -0.348728   0.929656

Permutation matrix
1 0 0 0
0 1 0 0
0 0 1 0
0 0 0 1
0 0 0 0
0 0 0 0
0 0 0 0
0 0 0 0

Number of substructure: 1
Value of Minimized RMSD: 0.0100371

Translation vector
 0.942328
-0.158027
-0.017674

Orthogonal matrix
  0.78995  0.556969  0.256447
-0.555497  0.472973    0.6839
 0.259619 -0.682702   0.68302

Permutation matrix
1 0 0 0
0 1 0 0
0 0 1 0
0 0 0 1
0 0 0 0
0 0 0 0
0 0 0 0
0 0 0 0

Number of substructure: 1
Value of Minimized RMSD: 0.0129749

Translation vector
  1.02694
 0.230335
-0.216068

Orthogonal matrix
  0.777538   0.576247   0.251742
 -0.583817    0.81025 -0.0514991
  -0.23365  -0.106929   0.966423

Permutation matrix
1 0 0 0
0 1 0 0
0 0 1 0
0 0 0 1
0 0 0 0
0 0 0 0
0 0 0 0
0 0 0 0

Number of substructure: 1
Value of Minimized RMSD: 0.0145633

Translation vector
0.0394553
 0.686078
-0.761705

Orthogonal matrix
 0.560451 -0.239603  -0.79277
-0.484011  0.681988 -0.548294
 0.672033  0.691001   0.26625

Permutation matrix
1 0 0 0
0 1 0 0
0 0 1 0
0 0 0 1
0 0 0 0
0 0 0 0
0 0 0 0
0 0 0 0

Number of substructure: 1
Value of Minimized RMSD: 0.0111751

Translation vector
  0.597036
-0.0441252
  0.101463

Orthogonal matrix
 0.570491 -0.687127 -0.449885
 0.821234  0.484399  0.301551
0.0107201 -0.541493  0.840637

Permutation matrix
1 0 0 0 0
0 1 0 0 0
0 0 1 0 0
0 0 0 1 0
0 0 0 0 1
0 0 0 0 0
0 0 0 0 0
0 0 0 0 0
0 0 0 0 0
0 0 0 0 0

Number of substructure: 1
Value of Minimized RMSD: 0.0154359

Translation vector
 0.527421
  1.06825
-0.124711

Orthogonal matrix
 0.793005  0.471821  0.385394
-0.592816  0.451837  0.666643
 0.140401 -0.757118  0.638012

Permutation matrix
1 0 0 0 0
0 1 0 0 0
0 0 1 0 0
0 0 0 1 0
0 0 0 0 1
0 0 0 0 0
0 0 0 0 0
0 0 0 0 0
0 0 0 0 0
0 0 0 0 0

Number of substructure: 1
Value of Minimized RMSD: 0.0181768

Translation vector
 0.875626
 0.264267
-0.120891

Orthogonal matrix
  0.958766  -0.161352  -0.233952
-0.0681226   0.668726  -0.740382
  0.275911    0.72579    0.63016

Permutation matrix
1 0 0 0 0
0 1 0 0 0
0 0 1 0 0
0 0 0 1 0
0 0 0 0 1
0 0 0 0 0
0 0 0 0 0
0 0 0 0 0
0 0 0 0 0
0 0 0 0 0

Number of substructure: 1
Value of Minimized RMSD: 0.0115943

Translation vector
 0.520368
-0.566364
-0.410252

Orthogonal matrix
   0.574971   -0.494816    0.651586
    0.65851     0.75251 -0.00962242
  -0.485564    0.434609    0.758513

Permutation matrix
1 0 0 0 0
0 1 0 0 0
0 0 1 0 0
0 0 0 1 0
0 0 0 0 1
0 0 0 0 0
0 0 0 0 0
0 0 0 0 0
0 0 0 0 0
0 0 0 0 0

Number of substructure: 1
Value of Minimized RMSD: 0.0140884

Translation vector
 -0.717899
-0.0159214
 -0.811818

Orthogonal matrix
   0.8245  0.178905 -0.536836
-0.499862   0.67492  -0.54279
 0.265214  0.715874  0.645899

Permutation matrix
1 0 0 0 0
0 1 0 0 0
0 0 1 0 0
0 0 0 1 0
0 0 0 0 1
0 0 0 0 0
0 0 0 0 0
0 0 0 0 0
0 0 0 0 0
0 0 0 0 0

Number of substructure: 1
Value of Minimized RMSD: 0.0148788

Translation vector
 0.301662
 0.832769
-0.175158

Orthogonal matrix
  0.877521   0.375778  -0.297904
 -0.475803   0.604912  -0.638508
-0.0597314   0.702048    0.70962

Permutation matrix
1 0 0 0 0 0
0 1 0 0 0 0
0 0 1 0 0 0
0 0 0 1 0 0
0 0 0 0 1 0
0 0 0 0 0 1
0 0 0 0 0 0
0 0 0 0 0 0
0 0 0 0 0 0
0 0 0 0 0 0
0 0 0 0 0 0
0 0 0 0 0 0

Number of substructure: 1
Value of Minimized RMSD: 0.0163754

Translation vector
 0.889323
-0.688221
 0.321158

Orthogonal matrix
 0.936733 -0.312908 -0.156908
 0.136123  0.738593 -0.660266
 0.322494  0.597134  0.734458

Permutation matrix
1 0 0 0 0 0
0 1 0 0 0 0
0 0 1 0 0 0
0 0 0 1 0 0
0 0 0 0 1 0
0 0 0 0 0 1
0 0 0 0 0 0
0 0 0 0 0 0
0 0 0 0 0 0
0 0 0 0 0 0
0 0 0 0 0 0
0 0 0 0 0 0

