Value of Minimized RMSD: 0.00934154

Translation vector
 -0.897769
-0.0294744
 0.0328186

Orthogonal matrix
-0.247499 -0.791175  0.559273
0.0262493  0.571545  0.820151
-0.968532  0.217667 -0.120689

Permutation matrix
1 0
0 1
0 0
0 0

Value of Minimized RMSD: 0.00223202

Translation vector
 0.54123
0.478719
0.391127

Orthogonal matrix
    0.67934    0.733615   0.0175068
  -0.733246    0.679559  -0.0234508
  0.0291008 -0.00309424   -0.999572

Permutation matrix
0 0
0 1
0 0
1 0

Value of Minimized RMSD: 0.000371225

Translation vector
  0.11384
-0.504797
 -0.10229

Orthogonal matrix
-0.125773 -0.608295  0.783683
-0.228314    0.7865  0.573839
-0.965429 -0.106752 -0.237802

Permutation matrix
1 0
0 0
0 1
0 0

Value of Minimized RMSD: 0.00639269

Translation vector
 -0.207345
  0.362916
-0.0741833

Orthogonal matrix
0.00234888   0.248029   -0.96875
  0.894356  -0.433893  -0.108921
   0.44735   0.866151   0.222845

Permutation matrix
0 0
1 0
0 0
0 1

