Value of Minimized RMSD: 0.264595

Translation vector
0.191387
 0.44323
0.335804

Orthogonal matrix
  0.47717   0.12734  0.869536
 0.113061  0.972328 -0.204437
 0.871508 -0.195862 -0.449569

Permutation matrix
1 0
0 1

Value of Minimized RMSD: 0.0299611

Translation vector
  0.125048
0.00786875
-0.0227061

Orthogonal matrix
   0.0686216    -0.997643 -0.000301525
    0.997643    0.0686215  0.000237494
 0.000216243  0.000317111           -1

Permutation matrix
1 0
0 1

Value of Minimized RMSD: 0.212696

Translation vector
 0.278836
 0.456998
-0.208876

Orthogonal matrix
 0.595729 -0.797675 0.0939275
 0.801896  0.584066 -0.125818
0.0455019  0.150273  0.987597

Permutation matrix
1 0
0 1

Value of Minimized RMSD: 0.38727

Translation vector
-0.183553
 0.295821
-0.712949

Orthogonal matrix
  0.987825 -0.0806114  -0.133055
 0.0550145   0.981024  -0.185916
  0.145518   0.176332   0.973515

Permutation matrix
1 0
0 1

Value of Minimized RMSD: 0.217575

Translation vector
 -0.150301
  0.122861
-0.0647155

Orthogonal matrix
-0.620394   0.69328  0.366706
-0.043346  0.436541  -0.89864
 0.783091  0.573406  0.240777

Permutation matrix
1 0
0 1

Value of Minimized RMSD: 0.222603

Translation vector
0.233784
 0.29067
-0.06039

Orthogonal matrix
-0.327824 -0.932299  0.152807
 0.746138 -0.156288  0.647188
 -0.57949  0.326179  0.746859

Permutation matrix
0 0 1
1 0 0
0 1 0

Value of Minimized RMSD: 0.157144

Translation vector
  0.149675
-0.0784733
 -0.209458

Orthogonal matrix
-0.0781412   0.234337   -0.96901
 -0.822411  -0.564545 -0.0702056
  0.563502  -0.791438  -0.236836

Permutation matrix
0 1 0
1 0 0
0 0 1

Value of Minimized RMSD: 0.115584

Translation vector
 -0.185933
  0.390567
-0.0493816

Orthogonal matrix
 -0.936021   0.137867   0.323816
  0.123127   0.990215 -0.0656799
 -0.329703 -0.0216073  -0.943837

Permutation matrix
1 0 0
0 0 1
0 1 0

Value of Minimized RMSD: 0.120275

Translation vector
-0.0376543
-0.0760922
 -0.349495

Orthogonal matrix
 -0.140949   0.769429  -0.622987
-0.0985688   0.615236   0.782157
 -0.985098  -0.171652  0.0108755

Permutation matrix
1 0 0
0 0 1
0 1 0

Value of Minimized RMSD: 0.157788

Translation vector
-0.0272537
 -0.176169
-0.0382483

Orthogonal matrix
-0.172995  -0.82918 -0.531538
 0.785738   0.20922 -0.582103
-0.593877   0.51835 -0.615324

Permutation matrix
1 0 0
0 0 1
0 1 0

Value of Minimized RMSD: 0.15206

Translation vector
 -0.32964
0.0576601
 0.217123

Orthogonal matrix
-0.083054 0.0569696 -0.994915
 -0.98583 -0.150708 0.0736659
-0.145745  0.986935 0.0686793

Permutation matrix
0 1 0 0
0 0 0 1
0 0 1 0
1 0 0 0

Value of Minimized RMSD: 0.118983

Translation vector
-0.0458003
 -0.205998
  0.286283

Orthogonal matrix
-0.596037 -0.415086  0.687346
 0.668451  0.217769  0.711162
-0.444876  0.883335  0.147667

Permutation matrix
0 1 0 0
0 0 0 1
0 0 1 0
1 0 0 0

Value of Minimized RMSD: 0.311058

Translation vector
-0.210858
-0.200255
 0.130841

Orthogonal matrix
  0.880137  0.0469746  -0.472391
  -0.47306   0.169945  -0.864484
-0.0396715  -0.984333  -0.171796

Permutation matrix
0 0 0 1
0 0 1 0
0 1 0 0
1 0 0 0

Value of Minimized RMSD: 0.150553

Translation vector
 0.225884
-0.113647
0.0591096

Orthogonal matrix
-0.605432  0.385487 -0.696313
  0.51695 -0.474748 -0.712304
-0.605157 -0.791211 0.0881504

Permutation matrix
1 0 0 0
0 1 0 0
0 0 0 1
0 0 1 0

Value of Minimized RMSD: 0.194501

Translation vector
 -0.0769047
-0.00195663
  -0.142343

Orthogonal matrix
 -0.56512 -0.328103  -0.75696
 0.787848 0.0576431 -0.613166
 0.244815 -0.942882   0.22592

Permutation matrix
0 1 0 0
0 0 1 0
0 0 0 1
1 0 0 0

Value of Minimized RMSD: 0.260288

Translation vector
  0.148624
-0.0449219
 -0.114536

Orthogonal matrix
 0.0548777  -0.981014  -0.186009
  0.100823   0.190782  -0.976441
  -0.99339 -0.0348308  -0.109379

Permutation matrix
1 0 0 0 0
0 1 0 0 0
0 0 0 1 0
0 0 1 0 0
0 0 0 0 1

Value of Minimized RMSD: 0.196326

Translation vector
-0.101773
-0.177094
 0.171467

Orthogonal matrix
 0.581438 -0.136713  0.802022
 0.088644  0.990557  0.104587
-0.808747 0.0102833  0.588066

Permutation matrix
0 0 1 0 0
0 0 0 1 0
1 0 0 0 0
0 0 0 0 1
0 1 0 0 0

Value of Minimized RMSD: 0.255439

Translation vector
0.147023
0.132828
0.288868

Orthogonal matrix
-0.310638   0.63502  0.707286
 0.946454  0.137813  0.291947
0.0879189  0.760103 -0.643827

Permutation matrix
0 0 0 1 0
0 0 1 0 0
0 1 0 0 0
0 0 0 0 1
1 0 0 0 0

Value of Minimized RMSD: 0.181778

Translation vector
 0.0749084
-0.0138716
-0.0428798

Orthogonal matrix
 0.591024  0.705058  0.391897
 0.705629 -0.216478 -0.674703
 0.390868   -0.6753  0.625453

Permutation matrix
1 0 0 0 0
0 0 1 0 0
0 0 0 0 1
0 0 0 1 0
0 1 0 0 0

Value of Minimized RMSD: 0.25062

Translation vector
  0.239831
  0.156244
-0.0987577

Orthogonal matrix
  0.176931  -0.332884    0.92622
 0.0867104    0.94268   0.322236
  0.980396 -0.0232995  -0.195654

Permutation matrix
0 0 1 0 0
0 0 0 1 0
0 0 0 0 1
1 0 0 0 0
0 1 0 0 0

Value of Minimized RMSD: 0.220209

Translation vector
 -0.239184
 0.0684721
-0.0880012

Orthogonal matrix
 0.209197 0.0580771  0.976147
  -0.9702  0.137134  0.199764
-0.122261 -0.988848 0.0850345

Permutation matrix
1 0 0 0 0 0
0 0 0 0 1 0
0 0 1 0 0 0
0 1 0 0 0 0
0 0 0 0 0 1
0 0 0 1 0 0

Value of Minimized RMSD: 0.301423

Translation vector
-0.165734
-0.181491
 -0.21151

Orthogonal matrix
-0.725027   0.68863 0.0111504
  0.50377  0.519219  0.690382
-0.469628 -0.506163  0.723359

Permutation matrix
1 0 0 0 0 0
0 0 0 0 1 0
0 1 0 0 0 0
0 0 0 1 0 0
0 0 1 0 0 0
0 0 0 0 0 1

Value of Minimized RMSD: 0.205908

Translation vector
 0.0389747
-0.0077605
  0.178551

Orthogonal matrix
  0.821132  -0.570722 0.00434084
   0.31718   0.449996  -0.834806
 -0.474489  -0.686862  -0.550528

Permutation matrix
0 0 0 0 1 0
0 1 0 0 0 0
0 0 0 1 0 0
1 0 0 0 0 0
0 0 1 0 0 0
0 0 0 0 0 1

Value of Minimized RMSD: 0.244034

Translation vector
-0.0317465
  -0.14079
  0.122636

Orthogonal matrix
 -0.988766   0.145863  0.0326427
-0.0582483   -0.57714   0.814565
  0.137655   0.803513   0.579153

Permutation matrix
0 0 0 1 0 0
1 0 0 0 0 0
0 0 0 0 1 0
0 1 0 0 0 0
0 0 0 0 0 1
0 0 1 0 0 0

Value of Minimized RMSD: 0.196965

Translation vector
 0.0108726
-0.0640155
-0.0128002

Orthogonal matrix
-0.760466 -0.100626  0.641534
-0.223614 -0.886922 -0.404186
-0.609662  0.450826 -0.651973

Permutation matrix
1 0 0 0 0 0
0 1 0 0 0 0
0 0 0 1 0 0
0 0 1 0 0 0
0 0 0 0 1 0
0 0 0 0 0 1

Value of Minimized RMSD: 0.215514

Translation vector
  0.104299
  0.261629
0.00317648

Orthogonal matrix
  0.924197   0.356746  -0.136353
  0.381648   -0.84932   0.364692
-0.0142945   0.389086   0.921091

Permutation matrix
0 1 0 0 0 0 0
0 0 1 0 0 0 0
0 0 0 0 1 0 0
0 0 0 1 0 0 0
0 0 0 0 0 1 0
0 0 0 0 0 0 1
1 0 0 0 0 0 0

Value of Minimized RMSD: 0.195142

Translation vector
  0.30859
0.0770638
-0.118817

Orthogonal matrix
-0.465829    0.3174 -0.825991
 0.882288 0.0952838 -0.460964
0.0676066  0.943492  0.324425

Permutation matrix
0 0 0 1 0 0 0
0 1 0 0 0 0 0
0 0 0 0 0 1 0
0 0 1 0 0 0 0
0 0 0 0 1 0 0
1 0 0 0 0 0 0
0 0 0 0 0 0 1

Value of Minimized RMSD: 0.139652

Translation vector
-0.0337299
-0.0850496
  0.186527

Orthogonal matrix
-0.0537962    0.38663  -0.920664
 -0.938783   0.294612   0.178576
  0.340282   0.873911   0.347113

Permutation matrix
0 0 0 0 1 0 0
0 0 0 1 0 0 0
0 1 0 0 0 0 0
0 0 0 0 0 1 0
0 0 0 0 0 0 1
1 0 0 0 0 0 0
0 0 1 0 0 0 0

Value of Minimized RMSD: 0.249774

Translation vector
-0.0469407
  -0.11981
-0.0535152

Orthogonal matrix
 -0.03124   0.94661  0.320863
-0.956044 0.0653401 -0.285849
-0.291553  -0.31569   0.90296

Permutation matrix
1 0 0 0 0 0 0
0 1 0 0 0 0 0
0 0 0 0 1 0 0
0 0 1 0 0 0 0
0 0 0 0 0 1 0
0 0 0 0 0 0 1
0 0 0 1 0 0 0

Value of Minimized RMSD: 0.213394

Translation vector
 0.0484535
0.00932477
 0.0386286

Orthogonal matrix
  0.996472  0.0691982  -0.047484
-0.0622696   0.988961   0.134454
 0.0562638  -0.131023   0.989781

Permutation matrix
0 0 0 1 0 0 0
0 1 0 0 0 0 0
0 0 0 0 1 0 0
0 0 1 0 0 0 0
0 0 0 0 0 0 1
0 0 0 0 0 1 0
1 0 0 0 0 0 0

Value of Minimized RMSD: 0.227733

Translation vector
-0.0139154
 -0.259943
  0.099553

Orthogonal matrix
  0.502148   0.840046  -0.205355
 -0.864703   0.490944  -0.106124
-0.0116693  -0.230861  -0.972917

Permutation matrix
0 0 0 0 0 0 1 0
1 0 0 0 0 0 0 0
0 0 0 1 0 0 0 0
0 0 1 0 0 0 0 0
0 0 0 0 0 0 0 1
0 1 0 0 0 0 0 0
0 0 0 0 0 1 0 0
0 0 0 0 1 0 0 0

Value of Minimized RMSD: 0.210262

Translation vector
-0.0101277
  0.136215
-0.0342779

Orthogonal matrix
 0.881577  0.193158 -0.430712
-0.250713 -0.581513 -0.773942
 0.399958 -0.790274  0.464221

Permutation matrix
1 0 0 0 0 0 0 0
0 1 0 0 0 0 0 0
0 0 0 0 0 0 1 0
0 0 0 0 1 0 0 0
0 0 1 0 0 0 0 0
0 0 0 1 0 0 0 0
0 0 0 0 0 1 0 0
0 0 0 0 0 0 0 1

Value of Minimized RMSD: 0.239437

Translation vector
 0.0804702
 -0.260972
-0.0580147

Orthogonal matrix
  0.132532  -0.980215  -0.147019
  0.523715 -0.0566798   0.850006
 -0.841521  -0.189649   0.505841

Permutation matrix
0 0 0 0 0 0 1 0
0 0 1 0 0 0 0 0
1 0 0 0 0 0 0 0
0 0 0 0 1 0 0 0
0 1 0 0 0 0 0 0
0 0 0 0 0 0 0 1
0 0 0 0 0 1 0 0
0 0 0 1 0 0 0 0

Value of Minimized RMSD: 0.225425

Translation vector
0.0375803
0.0351778
0.0596008

Orthogonal matrix
 0.882319  -0.33402 -0.331578
-0.242206 -0.926301  0.288622
 0.403547  0.174346  0.898195

Permutation matrix
0 0 0 1 0 0 0 0
0 1 0 0 0 0 0 0
0 0 0 0 1 0 0 0
0 0 0 0 0 0 0 1
0 0 1 0 0 0 0 0
1 0 0 0 0 0 0 0
0 0 0 0 0 0 1 0
0 0 0 0 0 1 0 0

Value of Minimized RMSD: 0.212653

Translation vector
 -0.0196456
  -0.183798
-0.00926477

Orthogonal matrix
-0.298071 -0.269261   0.91578
-0.921873  0.330056  -0.20301
 0.247596  0.904744  0.346605

Permutation matrix
0 0 0 0 0 0 1 0
0 0 0 0 0 1 0 0
0 0 0 0 1 0 0 0
0 1 0 0 0 0 0 0
0 0 0 1 0 0 0 0
0 0 1 0 0 0 0 0
1 0 0 0 0 0 0 0
0 0 0 0 0 0 0 1

Value of Minimized RMSD: 0.207969

Translation vector
0.00377233
   0.23092
 0.0650358

Orthogonal matrix
  0.255962   0.885674   0.387383
  0.450603  -0.463847    0.76276
  0.855243 -0.0206818  -0.517815

Permutation matrix
0 1 0 0 0 0 0 0 0
0 0 0 0 0 0 1 0 0
0 0 0 0 1 0 0 0 0
0 0 0 1 0 0 0 0 0
0 0 1 0 0 0 0 0 0
0 0 0 0 0 1 0 0 0
0 0 0 0 0 0 0 1 0
0 0 0 0 0 0 0 0 1
1 0 0 0 0 0 0 0 0

Value of Minimized RMSD: 0.222207

Translation vector
 -0.127302
-0.0105106
  0.322038

Orthogonal matrix
-0.474408   0.50465 -0.721294
-0.668844 -0.739365 -0.077383
 0.572351 -0.445722 -0.688293

Permutation matrix
0 0 0 0 0 0 0 1 0
0 0 0 0 0 0 1 0 0
0 1 0 0 0 0 0 0 0
0 0 0 0 1 0 0 0 0
0 0 0 1 0 0 0 0 0
0 0 1 0 0 0 0 0 0
0 0 0 0 0 1 0 0 0
1 0 0 0 0 0 0 0 0
0 0 0 0 0 0 0 0 1

Value of Minimized RMSD: 0.229383

Translation vector
 0.0140157
 0.0129035
-0.0414196

Orthogonal matrix
  0.013079  -0.108208  -0.994042
  0.951068   0.308263 -0.0210428
  0.308704  -0.945127   0.106945

Permutation matrix
0 0 0 0 0 0 1 0 0
0 0 0 0 0 1 0 0 0
0 0 0 0 0 0 0 1 0
0 1 0 0 0 0 0 0 0
0 0 0 0 1 0 0 0 0
0 0 0 1 0 0 0 0 0
0 0 1 0 0 0 0 0 0
0 0 0 0 0 0 0 0 1
1 0 0 0 0 0 0 0 0

Value of Minimized RMSD: 0.242331

Translation vector
0.0845441
 0.211062
-0.112162

Orthogonal matrix
-0.807808  0.212425 -0.549838
 0.576888  0.476441 -0.663479
 0.121026 -0.853158 -0.507418

Permutation matrix
0 0 0 0 1 0 0 0 0
0 0 0 0 0 0 0 0 1
0 1 0 0 0 0 0 0 0
0 0 0 0 0 0 0 1 0
0 0 1 0 0 0 0 0 0
1 0 0 0 0 0 0 0 0
0 0 0 0 0 0 1 0 0
0 0 0 1 0 0 0 0 0
0 0 0 0 0 1 0 0 0

Value of Minimized RMSD: 0.24798

Translation vector
-0.0201094
 0.0680389
   0.17468

Orthogonal matrix
-0.166166  0.845839  0.506898
-0.243059  0.463052 -0.852353
-0.955673 -0.264839  0.128645

Permutation matrix
0 0 0 0 0 1 0 0 0
0 0 0 0 0 0 0 1 0
0 0 0 0 0 0 0 0 1
0 0 0 0 0 0 1 0 0
0 0 0 0 1 0 0 0 0
1 0 0 0 0 0 0 0 0
0 0 1 0 0 0 0 0 0
0 1 0 0 0 0 0 0 0
0 0 0 1 0 0 0 0 0

Value of Minimized RMSD: 0.219806

Translation vector
   0.19104
 -0.217915
-0.0313563

Orthogonal matrix
-0.820785 -0.349656 -0.451722
-0.549505  0.267244  0.791596
-0.156066  0.897954 -0.411488

Permutation matrix
0 0 0 1 0 0 0 0 0 0
0 0 0 0 0 0 0 0 1 0
1 0 0 0 0 0 0 0 0 0
0 0 0 0 0 0 0 0 0 1
0 0 0 0 0 0 1 0 0 0
0 0 0 0 0 1 0 0 0 0
0 0 0 0 1 0 0 0 0 0
0 0 0 0 0 0 0 1 0 0
0 0 1 0 0 0 0 0 0 0
0 1 0 0 0 0 0 0 0 0

Value of Minimized RMSD: 0.235419

Translation vector
  -0.028604
   0.155152
-0.00583937

Orthogonal matrix
 -0.493151   0.866798 -0.0739099
 -0.654846  -0.425805  -0.624393
  0.572694    0.25952  -0.777606

Permutation matrix
0 0 1 0 0 0 0 0 0 0
0 0 0 0 0 1 0 0 0 0
0 0 0 0 0 0 0 0 0 1
0 0 0 0 0 0 0 0 1 0
0 1 0 0 0 0 0 0 0 0
0 0 0 0 0 0 1 0 0 0
0 0 0 1 0 0 0 0 0 0
1 0 0 0 0 0 0 0 0 0
0 0 0 0 1 0 0 0 0 0
0 0 0 0 0 0 0 1 0 0

Value of Minimized RMSD: 0.221007

Translation vector
-0.0338536
-0.0631827
  0.106579

Orthogonal matrix
 -0.577051   0.705983   -0.41061
-0.0459807  -0.530048   -0.84672
 -0.815413  -0.469721   0.338326

Permutation matrix
0 0 0 0 0 0 1 0 0 0
0 0 0 1 0 0 0 0 0 0
0 0 0 0 0 0 0 0 1 0
0 0 0 0 0 1 0 0 0 0
1 0 0 0 0 0 0 0 0 0
0 0 0 0 1 0 0 0 0 0
0 0 0 0 0 0 0 1 0 0
0 1 0 0 0 0 0 0 0 0
0 0 1 0 0 0 0 0 0 0
0 0 0 0 0 0 0 0 0 1

Value of Minimized RMSD: 0.225308

Translation vector
0.0794775
 0.147064
0.0994001

Orthogonal matrix
 -0.330275   0.741466   0.584077
  0.211539  -0.544915   0.811369
 -0.919875   -0.39153 -0.0231226

Permutation matrix
0 0 0 0 0 0 0 0 0 1
0 0 1 0 0 0 0 0 0 0
0 0 0 0 1 0 0 0 0 0
0 0 0 1 0 0 0 0 0 0
0 0 0 0 0 1 0 0 0 0
1 0 0 0 0 0 0 0 0 0
0 0 0 0 0 0 0 0 1 0
0 1 0 0 0 0 0 0 0 0
0 0 0 0 0 0 0 1 0 0
0 0 0 0 0 0 1 0 0 0

Value of Minimized RMSD: 0.259725

Translation vector
 0.018987
0.0282739
 0.244022

Orthogonal matrix
 -0.102152  -0.128045   0.986494
  0.992765  0.0497906   0.109264
-0.0631088   0.990518   0.122033

Permutation matrix
0 0 0 0 0 0 0 0 0 1
0 0 1 0 0 0 0 0 0 0
0 0 0 0 0 0 0 0 1 0
0 0 0 0 0 0 0 1 0 0
0 0 0 0 1 0 0 0 0 0
1 0 0 0 0 0 0 0 0 0
0 0 0 0 0 1 0 0 0 0
0 0 0 0 0 0 1 0 0 0
0 0 0 1 0 0 0 0 0 0
0 1 0 0 0 0 0 0 0 0

Value of Minimized RMSD: 0.263854

Translation vector
  0.185744
-0.0376538
-0.0569396

Orthogonal matrix
 0.670249 -0.711829 -0.209917
-0.265695 0.0339474 -0.963459
-0.692945 -0.701532  0.166376

Permutation matrix
0 0 0 1 0 0 0 0 0 0 0
0 0 0 0 0 0 0 0 0 1 0
0 0 0 0 0 0 0 0 0 0 1
0 0 0 0 0 1 0 0 0 0 0
0 0 1 0 0 0 0 0 0 0 0
0 0 0 0 0 0 0 0 1 0 0
0 0 0 0 1 0 0 0 0 0 0
0 0 0 0 0 0 0 1 0 0 0
0 0 0 0 0 0 1 0 0 0 0
1 0 0 0 0 0 0 0 0 0 0
0 1 0 0 0 0 0 0 0 0 0

Value of Minimized RMSD: 0.18378

Translation vector
-0.0500025
  0.307115
 0.0154992

Orthogonal matrix
 -0.759295   0.650603  0.0136673
 -0.034133 -0.0188442   -0.99924
 -0.649851  -0.759184  0.0365153

Permutation matrix
1 0 0 0 0 0 0 0 0 0 0
0 0 0 0 0 1 0 0 0 0 0
0 0 1 0 0 0 0 0 0 0 0
0 0 0 0 0 0 0 0 1 0 0
0 0 0 0 1 0 0 0 0 0 0
0 0 0 0 0 0 1 0 0 0 0
0 0 0 0 0 0 0 0 0 1 0
0 0 0 0 0 0 0 1 0 0 0
0 0 0 0 0 0 0 0 0 0 1
0 1 0 0 0 0 0 0 0 0 0
0 0 0 1 0 0 0 0 0 0 0

Value of Minimized RMSD: 0.220645

Translation vector
-0.0701186
  0.230389
-0.0625157

Orthogonal matrix
 -0.598186  -0.360244   -0.71582
-0.0749212   0.914488  -0.397617
  0.797848  -0.184218  -0.574023

Permutation matrix
0 0 0 0 0 0 0 0 0 0 1
0 0 0 0 1 0 0 0 0 0 0
0 0 1 0 0 0 0 0 0 0 0
0 0 0 0 0 0 1 0 0 0 0
0 0 0 1 0 0 0 0 0 0 0
1 0 0 0 0 0 0 0 0 0 0
0 0 0 0 0 0 0 0 0 1 0
0 0 0 0 0 1 0 0 0 0 0
0 0 0 0 0 0 0 1 0 0 0
0 1 0 0 0 0 0 0 0 0 0
0 0 0 0 0 0 0 0 1 0 0

Value of Minimized RMSD: 0.245369

Translation vector
0.139298
0.100313
0.127924

Orthogonal matrix
-0.821762   0.30064   0.48407
0.0602335  0.890566 -0.450849
 0.566639  0.341333  0.749941

Permutation matrix
0 1 0 0 0 0 0 0 0 0 0
1 0 0 0 0 0 0 0 0 0 0
0 0 1 0 0 0 0 0 0 0 0
0 0 0 0 1 0 0 0 0 0 0
0 0 0 1 0 0 0 0 0 0 0
0 0 0 0 0 0 0 0 0 1 0
0 0 0 0 0 0 1 0 0 0 0
0 0 0 0 0 0 0 0 0 0 1
0 0 0 0 0 1 0 0 0 0 0
0 0 0 0 0 0 0 1 0 0 0
0 0 0 0 0 0 0 0 1 0 0

Value of Minimized RMSD: 0.217247

Translation vector
-0.108678
0.0180706
0.0843182

Orthogonal matrix
 0.475215 -0.707962 -0.522456
 0.133787 -0.528743  0.838172
 0.869639  0.468209   0.15655

Permutation matrix
0 0 0 0 0 0 0 1 0 0 0
1 0 0 0 0 0 0 0 0 0 0
0 0 0 0 0 1 0 0 0 0 0
0 0 0 0 0 0 0 0 0 0 1
0 1 0 0 0 0 0 0 0 0 0
0 0 0 0 1 0 0 0 0 0 0
0 0 0 0 0 0 0 0 1 0 0
0 0 0 0 0 0 1 0 0 0 0
0 0 0 1 0 0 0 0 0 0 0
0 0 1 0 0 0 0 0 0 0 0
0 0 0 0 0 0 0 0 0 1 0

